0	0	2
1	0.34537510872	49439
2	0.343703135935	30007
3	0.353090670602	20330
4	0.366392999527	14799
5	0.376295244855	11272
6	0.392891991293	8882
7	0.408119370883	7439
8	0.426471832177	5911
9	0.433114106488	5119
10	0.438285077951	4490
11	0.446067868053	3839
12	0.443954480797	3515
13	0.457358656596	3147
14	0.466380615851	2830
15	0.457265625	2560
16	0.471353018951	2269
17	0.483634809856	2065
18	0.479827173469	1903
19	0.486515385529	1772
20	0.481128404669	1542
21	0.501389415183	1508
22	0.482507836991	1450
23	0.49861450155	1318
24	0.500741525424	1180
25	0.509958298582	1199
26	0.511548772943	1119
27	0.503922815946	1048
28	0.51556862221	1069
29	0.525125111401	1006
30	0.521218561814	941
31	0.535192232457	907
32	0.526991835586	888
33	0.528918817808	810
34	0.523990916416	803
35	0.519875776398	782
36	0.537356321839	754
37	0.55498989294	722
38	0.529605263158	696
39	0.528436195587	688
40	0.515139296188	682
41	0.54512556995	674
42	0.535506754207	631
43	0.530330134981	572
44	0.544232649071	558
45	0.546442577031	595
46	0.527431865082	611
47	0.547552815578	566
48	0.532993197279	490
49	0.529211313468	539
50	0.549677419355	496
51	0.546042708581	494
52	0.566137985726	485
53	0.577401865105	435
54	0.572363356428	433
55	0.559182020652	449
56	0.581694271912	414
57	0.569185784975	390
58	0.565896371186	382
59	0.582990159955	391
60	0.58622278057	398
61	0.552418032787	400
62	0.579421278084	369
63	0.589836283554	382
64	0.577770892351	353
65	0.595925155925	370
66	0.560923607331	334
67	0.560431282075	317
68	0.545353793691	345
69	0.558436378141	327
70	0.562049500651	329
71	0.55522129541	309
72	0.585332103321	271
73	0.566452929175	282
74	0.552785795504	309
75	0.584069912609	267
76	0.577569345661	296
77	0.617183528216	281
78	0.590074746901	271
79	0.573839662447	291
80	0.580377358491	265
81	0.5883665717	260
82	0.599631845375	265
83	0.578002999121	233
84	0.579253297563	213
85	0.595314057827	236
86	0.605033974543	243
87	0.595084154351	224
88	0.569460227273	240
89	0.58634689831	238
90	0.607829591249	193
91	0.605601149905	237
92	0.616421568627	204
93	0.57355928844	217
94	0.605560928433	220
95	0.568769030013	242
96	0.611191860465	215
97	0.60482880188	193
98	0.580824408972	202
99	0.587807004051	197
100	0.571229050279	179
101	0.561462300076	195
102	0.559528002818	167
103	0.595725787355	164
104	0.597892798691	188
105	0.57643537415	175
106	0.590513626834	180
107	0.580433485782	188
108	0.610446081441	181
109	0.614433596625	187
110	0.565972574911	179
111	0.630863121186	155
112	0.546654238619	182
113	0.592871189774	180
114	0.60906076166	164
115	0.574408365438	158
116	0.625741269493	157
117	0.584803122375	173
118	0.568295114656	187
119	0.632503981985	153
120	0.592896174863	183
121	0.588388169863	159
122	0.565848828254	149
123	0.585921325052	161
124	0.603031145717	174
125	0.626630872483	149
126	0.596837701489	129
127	0.596513586091	173
128	0.574353448276	116
129	0.580006942034	134
130	0.600215169446	143
131	0.583238590223	141
132	0.577411438327	142
133	0.625378381017	154
134	0.580115551276	155
135	0.616217732884	132
136	0.628125	120
137	0.610517117302	142
138	0.646265328874	130
139	0.618040951854	130
140	0.616859243697	136
141	0.580784574468	128
142	0.585188550659	124
143	0.606277443487	129
144	0.622222222222	105
145	0.6092125579	134
146	0.54900373599	110
147	0.601642458785	111
148	0.629197379197	132
149	0.597365897966	133
150	0.591344086022	124
151	0.610099337748	136
152	0.593663434903	114
153	0.60542241588	108
154	0.613305062285	98
155	0.583618513324	115
156	0.594086021505	124
157	0.644621703673	107
158	0.58799902629	104
159	0.589607376198	103
160	0.624426605505	109
161	0.64661342798	105
162	0.617341106539	108
163	0.600429447853	100
164	0.597088629337	142
165	0.587986055243	113
166	0.568416523236	112
167	0.620521668527	118
168	0.53945035461	94
169	0.598145197997	104
170	0.615542802487	123
171	0.588347816582	107
172	0.625816566501	89
173	0.603876232574	102
174	0.604472516217	101
175	0.624658385093	92
176	0.619649161518	103
177	0.606998731696	98
178	0.616773675762	98
179	0.647512636339	84
180	0.592098765432	90
181	0.589425671335	86
182	0.595258002867	92
183	0.58843001261	104
184	0.601170568562	91
185	0.575733179988	94
186	0.617797077474	78
187	0.614190687361	82
188	0.53865881459	112
189	0.645781119465	76
190	0.560526315789	92
191	0.581740837696	80
192	0.661651234568	81
193	0.556688394897	93
194	0.602926504822	93
195	0.629146381045	79
196	0.592933947773	93
197	0.591480909292	69
198	0.61793996301	71
199	0.591032083494	91
200	0.618392857143	84
201	0.569733748838	91
202	0.610661675924	82
203	0.643756353116	63
204	0.587078651685	89
205	0.625394548063	68
206	0.564610966772	71
207	0.574084265884	79
208	0.594417735043	72
209	0.660995924154	81
210	0.658812615955	77
211	0.589751184834	96
212	0.605753552294	81
213	0.592228811465	76
214	0.567700022795	82
215	0.613764927718	74
216	0.676052765094	73
217	0.608698156682	80
218	0.591673616903	66
219	0.620408973595	69
220	0.589275568182	64
221	0.611094787565	77
222	0.632132132132	66
223	0.613965406791	70
224	0.640820802005	57
225	0.615136876006	69
226	0.585194549796	63
227	0.586897825778	62
228	0.622088006903	61
229	0.500782730494	53
230	0.563891834571	82
231	0.582224360002	81
232	0.611703682057	59
233	0.628728201228	79
234	0.583240431067	69
235	0.585481852315	68
236	0.603813559322	70
237	0.603676913803	56
238	0.648975379626	57
239	0.581589958159	67
240	0.615046296296	54
241	0.585242648385	69
242	0.567517709563	56
243	0.647462277092	57
244	0.563343780135	68
245	0.592677070828	68
246	0.591743762265	58
247	0.618960863698	60
248	0.656550650821	57
249	0.603128933645	67
250	0.567076923077	52
251	0.609419464997	56
252	0.59246031746	70
253	0.667519181586	68
254	0.618165687036	71
255	0.570868347339	56
256	0.570246292373	59
257	0.662984812351	62
258	0.656812508212	59
259	0.564797716972	46
260	0.616466346154	64
261	0.653029417495	59
262	0.586905460951	52
263	0.540339828897	64
264	0.619381313131	60
265	0.593101415094	64
266	0.587934680451	64
267	0.61210251891	51
268	0.57714146658	46
269	0.617801781581	53
270	0.595910493827	48
271	0.651496514965	45
272	0.582848837209	43
273	0.621130503483	51
274	0.558242092457	48
275	0.627228381375	41
276	0.628904991948	45
277	0.628158844765	40
278	0.652706406304	42
279	0.564859299931	47
280	0.624669312169	54
281	0.492970071758	61
282	0.577423167849	60
283	0.604423053491	58
284	0.633098591549	45
285	0.625622195022	43
286	0.612285441831	44
287	0.619337979094	52
288	0.623875195618	71
289	0.586005382545	45
290	0.615172413793	55
291	0.598562949078	44
292	0.52707868748	43
293	0.602795384365	42
294	0.642021720969	57
295	0.570834665814	53
296	0.584856915739	51
297	0.687109187109	42
298	0.596815650436	47
299	0.651297977385	42
300	0.658933333333	50
301	0.651827242525	50
302	0.698983520715	43
303	0.588474232039	39
304	0.5664193729	47
305	0.622616259619	49
306	0.572451675706	47
307	0.622755851829	43
308	0.603457353457	37
309	0.653490522423	56
310	0.560552995392	35
311	0.607073954984	45
312	0.541233541234	37
313	0.562202015237	65
314	0.542839531539	31
315	0.599749373434	38
316	0.485533453888	35
317	0.617332632317	36
318	0.653369272237	35
319	0.504059159232	39
320	0.604006410256	39
321	0.642236432202	38
322	0.689686171952	38
323	0.582645338837	36
324	0.592592592593	36
325	0.604727954972	41
326	0.595504955168	52
327	0.605565749235	50
328	0.553861788618	42
329	0.61255140354	34
330	0.551782531194	34
331	0.58836858006	44
332	0.64859437751	45
333	0.562228895562	36
334	0.512897282358	39
335	0.521990049751	30
336	0.589195526696	33
337	0.56646884273	30
338	0.581922056723	29
339	0.625512626808	41
340	0.566642754663	41
341	0.547940838965	46
342	0.627819548872	42
343	0.571428571429	32
344	0.62136627907	32
345	0.620600414079	28
346	0.593893582333	39
347	0.557289078804	29
348	0.650895482491	43
349	0.66023804276	26
350	0.529753694581	29
351	0.625658292325	33
352	0.546266233766	35
353	0.592567905349	34
354	0.620419693301	35
355	0.651615575808	34
356	0.575415241817	46
357	0.578606442577	32
358	0.570314005009	29
359	0.567946677278	28
360	0.639300411523	27
361	0.618767313019	24
362	0.549547431527	47
363	0.554990464081	39
364	0.54859795377	29
365	0.571061643836	32
366	0.558176729308	41
367	0.573334586113	29
368	0.595184178744	36
369	0.548780487805	34
370	0.563438438438	36
371	0.684347323835	28
372	0.599001536098	35
373	0.613873994638	40
374	0.554621848739	28
375	0.535058823529	34
376	0.557692307692	26
377	0.560687825848	29
378	0.618783068783	30
379	0.531820580475	25
380	0.549380804954	34
381	0.621784776903	40
382	0.608393324607	32
383	0.545554486739	19
384	0.581473214286	28
385	0.588373531231	21
386	0.650358708649	26
387	0.577854340128	27
388	0.600945017182	18
389	0.630490667263	23
390	0.639083139083	33
391	0.543779148488	34
392	0.478647014361	27
393	0.592686834417	27
394	0.535864047672	23
395	0.558519961052	26
396	0.603838383838	25
397	0.603904282116	24
398	0.643216080402	30
399	0.53455066237	28
400	0.6175	32
401	0.600374064838	32
402	0.598099247353	39
403	0.690581508253	23
404	0.599599245639	21
405	0.622310405644	28
406	0.582805536008	21
407	0.547297297297	32
408	0.568899782135	27
409	0.578484107579	25
410	0.587661406026	17
411	0.627389641988	42
412	0.613754045307	30
413	0.567054596579	31
414	0.51731078905	24
415	0.556407447974	22
416	0.518843052109	31
417	0.589628297362	40
418	0.574346705926	26
419	0.620650672026	19
420	0.572095238095	25
421	0.664786223278	24
422	0.603317535545	20
423	0.618768629869	23
424	0.586293007769	17
425	0.634509803922	18
426	0.542340462528	27
427	0.612880562061	30
428	0.523454349389	26
429	0.622287968442	26
430	0.625913621262	21
431	0.569108385814	21
432	0.565486857826	31
433	0.508626545306	17
434	0.5904628331	23
435	0.550319284802	18
436	0.52752293578	14
437	0.602021357742	24
438	0.615639269406	20
439	0.478359908884	15
440	0.587310606061	24
441	0.62619047619	20
442	0.562468577174	18
443	0.634311512415	22
444	0.576276276276	30
445	0.565213483146	25
446	0.562435322525	26
447	0.556823266219	20
448	0.681968167702	23
449	0.683296213808	25
450	0.578814814815	15
451	0.432722604738	19
452	0.658517699115	20
453	0.628981393882	14
454	0.619620467638	26
455	0.635256410256	24
456	0.570614035088	10
457	0.615909383447	17
458	0.558951965066	20
459	0.391741881938	21
460	0.600114416476	19
461	0.539220488419	31
462	0.591720779221	24
463	0.665226781857	15
464	0.514959432049	17
465	0.637732160313	22
466	0.633136623748	24
467	0.54208532367	13
468	0.456196581197	12
469	0.628496174589	17
470	0.61767594108	13
471	0.552724699222	15
472	0.592867231638	24
473	0.423114869626	15
474	0.456298975286	14
475	0.599628482972	17
476	0.507167572912	17
477	0.538419469511	23
478	0.549267782427	20
479	0.630730688935	25
480	0.636951754386	19
481	0.590956340956	16
482	0.493858921162	25
483	0.679089026915	16
484	0.632557633754	19
485	0.6526710403	11
486	0.579675354367	18
487	0.650141781559	21
488	0.487568306011	15
489	0.493865030675	20
490	0.498104956268	28
491	0.616726069246	16
492	0.567073170732	19
493	0.656947261663	16
494	0.702584864528	13
495	0.556725146199	19
496	0.622076612903	20
497	0.526995305164	12
498	0.582329317269	29
499	0.517350490455	19
500	0.4482	20
501	0.663632734531	25
502	0.636087230027	19
503	0.598299094323	18
504	0.720598845599	11
505	0.518316831683	12
506	0.536137775268	14
507	0.587307112194	17
508	0.632646880678	13
509	0.559921414538	19
510	0.601400560224	14
511	0.643154939164	23
512	0.608832465278	18
513	0.538568643832	14
514	0.608949416342	14
515	0.508966304969	17
516	0.615673449612	16
517	0.540833870621	18
518	0.680501930502	10
519	0.564667630058	16
520	0.649852071006	13
521	0.664587332054	12
522	0.716777576124	19
523	0.480097340518	22
524	0.556743002545	15
525	0.595630252101	17
526	0.5831316972	22
527	0.658799810247	16
528	0.585633116883	14
529	0.650598613737	24
530	0.440880503145	9
531	0.405210295041	12
532	0.612229102167	17
533	0.622999668911	17
534	0.404244694132	15
535	0.625948323255	17
536	0.523105625718	13
537	0.635754189944	10
538	0.493060718711	15
539	0.442907741609	11
540	0.584259259259	20
541	0.640994043952	9
542	0.542920955525	19
543	0.717382065448	13
544	0.529296875	16
545	0.688990825688	18
546	0.564666103128	13
547	0.534795856185	15
548	0.523301516002	13
549	0.595628415301	13
550	0.445785123967	11
551	0.538616656584	9
552	0.63754180602	13
553	0.55877034358	15
554	0.570036101083	10
555	0.390990990991	10
556	0.575728890572	19
557	0.537946792884	11
558	0.544558488107	22
559	0.501610017889	10
560	0.660714285714	11
561	0.440998217469	10
562	0.611278401314	13
563	0.652138270255	13
564	0.58942337342	23
565	0.521802091714	11
566	0.651722614841	16
567	0.638056045463	18
568	0.618475559238	17
569	0.546572934974	17
570	0.612456140351	10
571	0.518826619965	8
572	0.478088578089	15
573	0.593135543921	15
574	0.614484818318	14
575	0.531304347826	14
576	0.675	10
577	0.616184508732	13
578	0.50360438293	12
579	0.602115716753	8
580	0.670833333333	12
581	0.768215720023	6
582	0.613688430699	12
583	0.502954068992	9
584	0.570809830782	17
585	0.650305250305	14
586	0.605181507912	11
587	0.619737162327	14
588	0.472619047619	10
589	0.445605328458	13
590	0.377777777778	9
591	0.629441624365	16
592	0.26812039312	11
593	0.598763350197	15
594	0.57190957191	7
595	0.570468187275	14
596	0.562395134228	16
597	0.603759538433	9
598	0.431066518023	9
599	0.479862270451	16
600	0.66	8
601	0.62990254338	14
602	0.580608497989	19
603	0.600608070757	12
604	0.45678807947	10
605	0.602479338843	14
606	0.451732673267	16
607	0.573011831661	11
608	0.642817982456	12
609	0.570516329137	9
610	0.582923497268	12
611	0.561878383482	13
612	0.532543572985	12
613	0.557504078303	8
614	0.648208469055	9
615	0.595791487327	17
616	0.652449822904	11
617	0.566103264645	7
618	0.455575169167	11
619	0.685682552504	16
620	0.624596774194	4
621	0.608925695882	14
622	0.589871382637	10
623	0.516051364366	10
624	0.641254578755	7
625	0.466628571429	14
626	0.538774324717	11
627	0.740563530037	12
628	0.632873319179	9
629	0.522655007949	4
630	0.536363636364	11
631	0.722860538827	8
632	0.480560578662	14
633	0.606270506744	13
634	0.582131590807	14
635	0.515081768625	13
636	0.659376786735	11
637	0.451726844584	16
638	0.576280041797	15
639	0.527386541471	10
640	0.410044642857	14
641	0.562922516901	6
642	0.656386292835	10
643	0.609500918988	11
644	0.589803312629	6
645	0.465460809647	9
646	0.454936360509	9
647	0.556800618238	8
648	0.552048260382	11
649	0.514483821263	10
650	0.452692307692	8
651	0.7133640553	5
652	0.541602760736	8
653	0.53895482389	16
654	0.49245030581	16
655	0.504510756419	11
656	0.417682926829	8
657	0.674847792998	8
658	0.518405943938	9
659	0.611026808295	9
660	0.424915824916	9
661	0.700809824686	17
662	0.572205438066	10
663	0.779788838612	8
664	0.554467871486	12
665	0.562290341238	13
666	0.465465465465	14
667	0.63768115942	6
668	0.497754491018	16
669	0.359865470852	8
670	0.615174129353	6
671	0.679748302699	9
672	0.541094322344	13
673	0.498446575713	11
674	0.521912805296	13
675	0.677037037037	8
676	0.445794590025	14
677	0.484736582964	6
678	0.546705998033	12
679	0.631320569465	9
680	0.675840336134	7
681	0.571953010279	12
682	0.451612903226	3
683	0.471286806572	9
684	0.499867091972	11
685	0.436861313869	8
686	0.493780369291	15
687	0.425400291121	8
688	0.578779069767	10
689	0.633708272859	8
690	0.654865424431	7
691	0.588840649622	9
692	0.554070327553	12
693	0.503607503608	11
694	0.625120076849	12
695	0.54548361311	9
696	0.715277777778	6
697	0.59481109517	12
698	0.460044571792	9
699	0.57272293753	6
700	0.399166666667	12
701	0.659447542472	11
702	0.609483109483	7
703	0.303224276908	6
704	0.565559440559	13
705	0.455791962175	6
706	0.629485363551	12
707	0.551768033946	10
708	0.574544883867	9
709	0.60456468778	11
710	0.650281690141	10
711	0.608599557967	7
712	0.631495786517	8
713	0.500467508181	6
714	0.558823529412	5
715	0.499440559441	10
716	0.519708255742	9
717	0.567085076709	5
718	0.685004642526	12
719	0.791029207232	4
720	0.592939814815	12
721	0.460471567268	5
722	0.548322560788	9
723	0.420297372061	8
724	0.522099447514	4
725	0.623743842365	14
726	0.510743801653	10
727	0.713204951857	10
728	0.594551282051	6
729	0.509259259259	12
730	0.678082191781	4
731	0.562471500228	6
732	0.317281420765	4
733	0.484993178718	8
734	0.484559491371	9
735	0.563265306122	3
736	0.81589673913	6
737	0.847127996382	3
738	0.621951219512	6
739	0.373628025861	9
740	0.366409266409	7
741	0.583445793972	9
742	0.426488605734	11
743	0.284096007178	12
744	0.658004778973	9
745	0.613590604027	8
746	0.441140628808	11
747	0.226907630522	2
748	0.447860962567	7
749	0.768357810414	4
750	0.620952380952	7
751	0.734021304927	8
752	0.718655015198	7
753	0.465471447543	12
754	0.503713527851	5
755	0.540838852097	9
756	0.636574074074	8
757	0.399823866138	12
758	0.355705804749	8
759	0.498550724638	10
760	0.638909774436	7
761	0.572601839685	4
762	0.364266966629	7
763	0.567597540075	13
764	0.692735602094	8
765	0.736339869281	10
766	0.592950391645	10
767	0.452411994785	7
768	0.435546875	2
769	0.542912873862	4
770	0.672727272727	9
771	0.645173244395	7
772	0.766407599309	3
773	0.732212160414	6
774	0.48004593741	9
775	0.689892473118	9
776	0.541666666667	3
777	0.627284427284	5
778	0.662382176521	6
779	0.531193838254	10
780	0.297802197802	7
781	0.516901408451	10
782	0.384143222506	5
783	0.664325244785	6
784	0.528380102041	8
785	0.553078556263	6
786	0.59680777238	11
787	0.614630604465	7
788	0.561865482234	4
789	0.496514575412	4
790	0.613019891501	7
791	0.490360303413	8
792	0.625631313131	6
793	0.298234552333	4
794	0.5986565911	6
795	0.627169811321	5
796	0.640577889447	10
797	0.585409571608	7
798	0.539205155747	7
799	0.467218638683	13
800	0.70725	5
801	0.647191011236	5
802	0.565669160432	6
803	0.153590701536	3
804	0.691265892758	9
805	0.460041407867	6
806	0.586435070306	9
807	0.526641883519	1
808	0.571318069307	8
809	0.652834186827	7
810	0.653615520282	7
811	0.578051787916	5
812	0.618226600985	7
813	0.613912805795	9
814	0.825217779763	11
815	0.210429447853	4
816	0.519914215686	4
817	0.671080449538	11
818	0.515892420538	7
819	0.788069073783	7
820	0.522357723577	9
821	0.476248477467	4
822	0.803325223033	3
823	0.612393681652	2
824	0.503640776699	6
825	0.797272727273	8
826	0.604721549637	2
827	0.529625151149	7
828	0.510144927536	5
829	0.40570969039	3
830	0.548192771084	4
831	0.503910950662	4
832	0.813100961538	4
833	0.463985594238	4
834	0.72242206235	2
835	0.595722840034	7
836	0.688995215311	2
837	0.356697198991	9
838	0.593874303898	3
839	0.413928145752	7
840	0.381746031746	6
841	0.466309948474	6
842	0.708788598575	5
843	0.521945432977	7
844	0.524881516588	4
845	0.499408284024	2
846	0.441932624113	8
847	0.516233766234	4
848	0.638443396226	5
849	0.521790341578	4
850	0.663529411765	2
851	0.607520564042	6
852	0.603393085787	11
853	0.710601239323	7
854	0.40837236534	8
855	0.373099415205	5
856	0.586302570093	8
857	0.423570595099	6
858	0.548834498834	10
859	0.739464493597	5
860	0.528294573643	6
861	0.358553177369	7
862	0.563639376864	7
863	0.520471224411	6
864	0.892939814815	6
865	0.673988439306	3
866	0.488782580007	7
867	0.686274509804	6
868	0.403737839222	9
869	0.309551208285	6
870	0.470771756979	14
871	0.698335246843	4
872	0.759174311927	2
873	0.41989854361	7
874	0.543287566743	6
875	0.706285714286	6
876	0.544092465753	8
877	0.543519574306	12
878	0.595102505695	6
879	0.453924914676	9
880	0.802954545455	5
881	0.233825198638	1
882	0.567800453515	5
883	0.558809254166	7
884	0.573755656109	5
885	0.596233521657	3
886	0.667889390519	4
887	0.417418263811	4
888	0.633526383526	7
889	0.672853393326	6
890	0.69797752809	5
891	0.827160493827	3
892	0.473467862481	6
893	0.821388577828	6
894	0.0615212527964	1
895	0.647374301676	5
896	0.532366071429	5
897	0.417837235229	5
898	0.422048997773	2
899	0.410085279941	3
900	0.583492063492	7
901	0.349734862498	9
902	0.520694752402	3
903	0.642426479636	9
904	0.587831858407	5
905	0.187476979742	3
906	0.724377168086	7
907	0.498208379272	8
908	0.449339207048	8
909	0.593745088795	7
910	0.48021978022	5
911	0.0801317233809	2
912	0.645422149123	8
913	0.696823658269	5
914	0.716083150985	4
915	0.550819672131	7
916	0.821179039301	5
917	0.458326842187	7
918	0.384259259259	4
919	0.602557127312	4
920	0.697826086957	2
921	0.314332247557	2
922	0.473246565437	3
923	0.667388949079	2
924	0.649350649351	6
925	0.510486486486	5
926	0.475701943844	6
927	0.714311398777	6
928	0.552801724138	2
929	0.56512378902	3
930	0.491039426523	3
931	0.534908700322	2
932	0.452655579399	8
933	0.882636655949	2
934	0.648286937901	4
935	0.496256684492	3
936	0.55787037037	6
937	0.424226254002	2
938	0.336886993603	3
939	0.447284345048	3
940	0.364741641337	7
941	0.682961388594	6
942	0.436836518047	4
943	0.413043478261	2
944	0.612288135593	5
945	0.466137566138	6
946	0.624735729387	5
947	0.557902147131	3
948	0.804430379747	5
949	0.374710221286	5
950	0.753052631579	5
951	0.343147563968	3
952	0.436974789916	2
953	0.381188591052	11
954	0.351939203354	4
955	0.370157068063	4
956	0.909832635983	5
957	0.599791013584	3
958	0.746346555324	3
959	0.728536670143	3
960	0.339756944444	6
961	0.880332986472	2
962	0.410949410949	3
963	0.483385254413	2
964	0.0103734439834	2
965	0.789637305699	1
966	0.695307108351	3
967	0.65480868666	5
968	0.375516528926	4
969	0.340999557718	7
970	0.513144329897	4
971	0.393614830072	5
972	0.35219478738	3
973	0.645940390545	4
974	0.54688569473	3
975	0.464273504274	3
976	0.45043545082	8
977	0.485414534289	4
978	0.252351738241	5
979	0.832226762002	4
980	0.54693877551	2
981	0.439930100481	7
982	0.677981443766	9
983	0.431332655137	1
984	0.721375338753	6
985	0.553172588832	8
986	0.452839756592	2
987	0.663964876731	6
988	0.719298245614	3
989	0.803842264914	2
990	0.512121212121	2
991	0.180373360242	4
992	0.522897465438	7
993	0.542463914065	3
994	0.683769282361	3
995	0.826130653266	3
996	0.369076305221	5
997	0.677365429622	3
998	0.427020708083	6
999	0.824824824825	2
1000	0.614	4
1001	0.661088911089	8
1002	0.547571523619	3
1003	0.484346959123	5
1004	0.685756972112	4
1005	0.748258706468	1
1006	0.649105367793	3
1007	0.458987090367	5
1008	0.410466269841	4
1009	0.933597621407	1
1010	0.434488448845	6
1011	0.396307286515	3
1012	0.778326745718	6
1013	0.569266205989	3
1014	0.457347140039	4
1015	0.442692939245	3
1016	0.857283464567	3
1017	0.365781710914	2
1018	0.635887360838	6
1019	0.308799476611	3
1020	0.549019607843	4
1021	0.38570029383	5
1022	0.539921722114	5
1023	0.460899315738	6
1024	0.48876953125	4
1025	0.67043902439	5
1026	0.609649122807	2
1027	0.724683544304	4
1028	0.551313229572	8
1029	0.793731778426	4
1030	0.499757281553	4
1031	0.306498545102	2
1032	0.439437984496	6
1033	0.506776379477	2
1034	0.981624758221	1
1035	0.572463768116	4
1036	0.660038610039	5
1037	0.470909675346	3
1038	0.6143224149	3
1039	0.808710298364	4
1040	0.895673076923	2
1041	0.454782489365	7
1042	0.5556621881	3
1043	0.285714285714	4
1044	0.68438697318	2
1045	0.567783094099	3
1046	0.618546845124	3
1048	0.475667938931	2
1049	0.558627264061	4
1050	0.271666666667	4
1051	0.759276879163	2
1052	0.78288973384	5
1053	0.50700379867	8
1054	0.651802656546	4
1055	0.604423380727	6
1056	0.483901515152	2
1057	0.453169347209	5
1058	0.506301197227	3
1059	0.605602769909	6
1060	0.633490566038	4
1061	0.693685202639	3
1062	0.189265536723	1
1063	0.952963311383	1
1064	0.9414160401	3
1065	0.612769953052	5
1066	0.540963101939	6
1067	0.766635426429	4
1068	0.756554307116	5
1069	0.831618334892	2
1070	0.588785046729	4
1071	0.445378151261	3
1072	0.377487562189	3
1073	0.566946256601	3
1074	0.357891061453	8
1075	0.57988372093	8
1076	0.38424204874	9
1077	0.757195914578	4
1078	0.846474953618	2
1079	0.63577386469	1
1080	0.713888888889	1
1081	0.67474560592	5
1083	0.33864265928	4
1084	0.92020295203	2
1085	0.478110599078	4
1086	0.442295887047	3
1087	0.537948482061	4
1088	0.560968137255	6
1089	0.704928068564	3
1090	0.201834862385	4
1091	0.146654445463	1
1092	0.66804029304	2
1093	0.604757548033	6
1094	0.387046226169	7
1095	0.524200913242	1
1096	0.713503649635	1
1097	0.588195077484	4
1099	0.604003639672	5
1100	0.624772727273	4
1102	0.577586206897	6
1103	0.795104261106	3
1104	0.473278985507	4
1105	0.519457013575	2
1106	0.579566003617	4
1107	0.153116531165	2
1108	0.398555956679	5
1109	0.416816952209	4
1110	0.466441441441	4
1111	0.403368908319	7
1112	0.152278177458	3
1113	0.526055705301	2
1114	0.637941352484	3
1115	0.992825112108	1
1116	0.472222222222	6
1117	0.59777465149	7
1118	0.461538461538	2
1119	0.406017277331	3
1120	0.397321428571	6
1121	0.76256318763	6
1122	0.567439096851	3
1123	0.676758682102	4
1124	0.611209964413	6
1125	0.969777777778	1
1126	0.367673179396	1
1127	0.305235137533	2
1128	0.406471631206	2
1129	0.601417183348	4
1130	0.694911504425	4
1131	0.494252873563	1
1133	0.823771697558	3
1134	0.994708994709	1
1135	0.548311306902	3
1136	0.566901408451	1
1137	0.595866314864	2
1138	0.260105448155	6
1139	0.616769095698	6
1140	0.423976608187	3
1141	0.393952673094	2
1142	0.00437828371278	1
1144	0.240821678322	2
1145	0.472925764192	2
1146	0.520506108202	2
1147	0.712990409765	5
1148	0.672256097561	4
1149	0.618973020017	5
1150	0.532608695652	4
1152	0.948784722222	1
1153	0.81830008673	2
1154	0.686481802426	5
1155	0.0025974025974	1
1156	0.42625432526	4
1157	0.481849611063	2
1158	0.552677029361	3
1159	0.702113891286	4
1160	0.315086206897	2
1161	0.237438989377	3
1162	0.810025817556	4
1163	0.528231584981	3
1164	0.677190721649	4
1165	0.330901287554	2
1166	0.873070325901	2
1167	0.353470437018	4
1168	0.654109589041	1
1169	0.652694610778	3
1170	0.828632478632	4
1171	0.547395388557	5
1172	0.163822525597	1
1173	0.455924978687	5
1174	0.0076660988075	2
1175	0.686808510638	5
1176	0.531292517007	5
1177	0.646559048428	2
1178	0.569185059423	4
1179	0.600932994063	6
1180	0.483474576271	2
1181	0.101608806097	1
1182	0.569937958263	3
1183	0.651521555368	4
1184	0.525675675676	5
1185	0.750632911392	4
1186	0.763490725126	2
1187	0.45050547599	4
1188	0.564814814815	7
1189	0.394659377628	4
1190	0.117647058824	1
1192	0.658916586769	7
1193	0.523889354568	4
1194	0.348408710218	2
1195	0.417991631799	2
1196	0.675585284281	1
1197	0.486215538847	3
1198	0.938230383973	1
1199	0.0108423686405	1
1200	0.608333333333	2
1201	0.549542048293	2
1202	0.62201885746	3
1203	0.0278470490441	2
1205	0.867219917012	1
1206	0.693753454947	3
1207	0.714581607291	4
1208	0.409768211921	3
1209	0.542390405294	4
1210	0.483801652893	5
1211	0.260941370768	2
1212	0.588696369637	2
1213	0.343363561418	2
1214	0.451812191104	4
1215	0.279561042524	3
1216	0.00740131578947	1
1218	0.142857142857	1
1219	0.896636587367	1
1220	0.664549180328	4
1221	0.661343161343	4
1222	0.936170212766	1
1223	0.147996729354	2
1224	0.459558823529	2
1225	0.438367346939	3
1226	0.581973898858	2
1227	0.798424341212	3
1228	0.654723127036	2
1230	0.579512195122	5
1231	0.357703763878	3
1232	0.722673160173	3
1233	0.816436874831	3
1234	0.272285251216	1
1235	0.543319838057	2
1236	0.612055016181	2
1237	0.525464834276	4
1238	0.168012924071	2
1239	0.89588377724	3
1240	0.41814516129	2
1241	0.552981466559	4
1242	0.484433709071	3
1243	0.568382944489	2
1244	0.0405948553055	2
1245	0.574297188755	3
1246	0.0208667736758	1
1247	0.466720128308	1
1248	0.782852564103	1
1249	0.431545236189	1
1250	0.1064	1
1252	0.684061057863	9
1253	0.542697525938	1
1255	0.665498007968	5
1256	0.521974522293	5
1257	0.909307875895	1
1259	0.754169976172	2
1260	0.235317460317	2
1261	0.328575204864	3
1262	0.718700475436	1
1263	0.606492478226	2
1264	0.70292721519	2
1265	0.618445322793	3
1266	0.252764612954	2
1267	0.76637726914	2
1268	0.589116719243	2
1269	0.539007092199	1
1270	0.232020997375	3
1271	0.929189614477	1
1272	0.505503144654	1
1273	0.390416339356	2
1274	0.644688644689	3
1275	0.277647058824	2
1276	0.203761755486	1
1277	0.683633516053	3
1278	0.450704225352	3
1279	0.820172009382	1
1280	0.1890625	1
1282	0.540691627665	6
1283	0.640166276955	3
1284	0.75	1
1285	0.0770428015564	1
1286	0.755054432348	1
1287	0.277389277389	4
1288	0.467779503106	2
1290	0.611046511628	4
1292	0.213622291022	3
1293	0.355375096674	2
1295	0.731274131274	1
1296	0.770833333333	1
1297	0.534695451041	6
1298	0.503852080123	1
1299	0.779830638953	1
1300	0.726538461538	2
1301	0.679989751473	3
1302	0.424347158218	2
1303	0.0429777436685	1
1304	0.284125766871	2
1305	0.944061302682	1
1306	0.461715160796	6
1307	0.724942616679	2
1308	0.544597349643	3
1309	0.433155080214	1
1310	0.572010178117	3
1311	0.419908466819	2
1312	0.53925304878	2
1313	0.157654226961	1
1314	0.911719939117	1
1315	0.850190114068	1
1317	0.384459630473	3
1318	0.695371775417	2
1319	0.773692191054	2
1320	0.99696969697	1
1322	0.78895612708	1
1323	0.704459561602	2
1325	0.805786163522	3
1326	0.712292609351	2
1328	0.495105421687	2
1329	0.427012791573	2
1330	0.426127819549	4
1331	0.442148760331	2
1332	0.518018018018	3
1333	0.492123030758	3
1334	0.678973013493	4
1335	0.536329588015	1
1336	0.791167664671	3
1337	0.495512341062	4
1338	0.458146487294	1
1339	0.68642643764	8
1340	0.763059701493	4
1341	0.409395973154	1
1342	0.536761053154	3
1343	0.578927773641	2
1344	0.988839285714	1
1345	0.529120198265	6
1347	0.657757980698	4
1348	0.459940652819	1
1349	0.429453916481	3
1350	0.957777777778	1
1351	0.129533678756	1
1352	0.420118343195	1
1353	0.175166297118	5
1354	0.616937469227	3
1355	0.611808118081	1
1356	0.63151425762	3
1357	0.936256448047	2
1359	0.797645327447	1
1360	0.866176470588	2
1361	0.00661278471712	1
1362	0.598017621145	2
1363	0.2201027146	1
1364	0.811217008798	2
1365	0.227985347985	5
1366	0.274890190337	2
1367	0.646671543526	5
1368	0.762426900585	1
1370	0.542700729927	2
1371	0.68733284707	6
1372	0.271865889213	2
1373	0.449235251275	5
1374	0.923580786026	2
1376	0.158430232558	1
1377	0.117162914549	3
1378	0.475326560232	2
1379	0.111916847957	3
1380	0.928260869565	2
1381	0.101375814627	1
1382	0.00651230101302	1
1383	0.788503253796	2
1384	0.107297687861	2
1386	0.457070707071	4
1387	0.758231194424	3
1388	0.262247838617	1
1389	0.616030717543	3
1391	0.78324946082	2
1392	0.900862068966	1
1393	0.408470926059	1
1394	0.167144906743	1
1395	0.3256869773	3
1396	0.934813753582	1
1398	0.799713876967	1
1399	0.511079342387	3
1400	0.298714285714	5
1401	0.586723768737	1
1402	0.62910128388	4
1404	0.223646723647	1
1405	0.245551601423	1
1406	0.891536273115	2
1407	0.535891968728	1
1408	0.502840909091	1
1409	0.540809084457	2
1410	0.681560283688	1
1411	0.809000708717	2
1412	0.340651558074	1
1413	0.685774946921	6
1414	0.23125884017	2
1415	0.472791519435	3
1416	0.251412429379	1
1418	0.0870944992948	2
1419	0.365045806906	1
1420	0.278873239437	1
1422	0.575949367089	5
1423	0.509486999297	3
1424	0.815308988764	1
1425	0.757192982456	4
1426	0.0539971949509	2
1427	0.814295725298	4
1428	0.446778711485	2
1429	0.354793561931	1
1430	0.622144522145	3
1431	0.533193570929	2
1432	0.476955307263	2
1433	0.717027215632	4
1435	0.180487804878	2
1436	0.208217270195	1
1438	0.614742698192	1
1441	0.611797362942	5
1442	0.346740638003	3
1443	0.508316008316	4
1444	0.496710526316	4
1445	0.853633217993	2
1450	0.668965517241	1
1451	0.44337238686	3
1452	0.47520661157	2
1453	0.275430144529	5
1454	0.65371389271	2
1455	0.539175257732	4
1456	0.815934065934	2
1457	0.157172271791	1
1458	0.54138088706	3
1460	0.844520547945	1
1462	0.616279069767	4
1463	0.950786056049	1
1464	0.925546448087	2
1465	0.338566552901	1
1466	0.849931787176	1
1467	0.708929788684	2
1468	0.508514986376	4
1469	0.175289312457	2
1470	0.194557823129	1
1471	0.919442556084	2
1472	0.463315217391	1
1473	0.954854039375	2
1474	0.883310719132	1
1475	0.586440677966	2
1476	0.0331978319783	1
1477	0.818889641165	2
1478	0.671853856563	1
1479	0.510818120352	2
1480	0.764864864865	1
1481	0.607022282242	3
1482	0.656545209177	2
1483	0.729602157788	3
1484	0.0316711590296	2
1485	0.86734006734	2
1486	0.301480484522	4
1487	0.894754539341	2
1489	0.397918065816	2
1490	0.485011185682	3
1491	0.516096579477	2
1492	0.495308310992	2
1493	0.923643670462	1
1495	0.510367892977	1
1496	0.108065953654	3
1497	0.874415497662	1
1498	0.438584779706	2
1499	0.458750277963	3
1500	0.3335	4
1501	0.105929380413	2
1502	0.516311584554	4
1504	0.481050531915	2
1505	0.487375415282	2
1506	0.866755201417	3
1507	0.519575315196	3
1508	0.161472148541	2
1509	0.450629555997	3
1510	0.419867549669	2
1511	0.827597617472	2
1513	0.31758096497	2
1514	0.432628797886	1
1515	0.305610561056	1
1517	0.542188529993	2
1518	0.531181379007	3
1519	0.56155365372	1
1521	0.797337278107	4
1522	0.687691633815	3
1525	0.834754098361	2
1526	0.713630406291	1
1527	0.445972495088	2
1528	0.539921465969	2
1529	0.550032701112	2
1530	0.401307189542	1
1531	0.826910516003	1
1532	0.0626631853786	1
1533	0.770711024136	2
1534	0.960560625815	2
1535	0.417589576547	2
1536	0.3984375	1
1537	0.598893949252	2
1538	0.524382314694	2
1539	0.512020792723	3
1542	0.907911802853	1
1543	0.199611147116	1
1544	0.818329015544	2
1545	0.69644012945	2
1546	0.898447606727	1
1548	0.737726098191	1
1552	0.484213917526	2
1553	0.334835801674	1
1554	0.296975546976	2
1555	0.653697749196	2
1558	0.65243902439	2
1559	0.429121231559	1
1560	0.698076923077	1
1561	0.126841768097	1
1562	0.796734955186	2
1563	0.850287907869	2
1564	0.533248081841	2
1565	0.468157614483	3
1566	0.222222222222	1
1567	0.373962986599	1
1568	0.0548469387755	1
1569	0.538687061823	5
1570	0.912738853503	1
1571	0.0439210693826	3
1572	0.988549618321	1
1573	0.872218690401	1
1574	0.513977128335	1
1575	0.0920634920635	1
1576	0.637373096447	2
1577	0.532022828155	2
1578	0.344106463878	1
1579	0.663711209626	4
1580	0.727215189873	2
1582	0.045195954488	2
1583	0.36323436513	2
1584	0.548611111111	1
1585	0.305993690852	1
1586	0.84552332913	2
1587	0.207939508507	1
1588	0.934718723762	3
1589	0.360446821901	4
1593	0.471123666039	2
1594	0.748222501046	3
1596	0.282268170426	2
1597	0.457733249843	3
1598	0.978723404255	1
1599	0.299562226391	1
1601	0.708723714345	3
1602	0.857053682896	1
1603	0.760324391765	5
1605	0.750778816199	2
1606	0.227272727273	1
1607	0.810205351587	1
1608	0.00932835820896	1
1609	0.0267246737104	1
1612	0.154776674938	2
1613	0.53899566026	5
1614	0.530669144981	2
1615	0.846439628483	1
1619	0.788140827671	2
1620	0.530864197531	1
1621	0.288710672424	1
1623	0.813308687616	1
1624	0.0683497536946	1
1625	0.759384615385	1
1626	0.0461254612546	1
1627	0.80208973571	1
1628	0.647522522523	6
1629	0.87415592388	2
1632	0.924632352941	1
1633	0.784139620331	2
1634	0.579559363525	2
1635	0.234250764526	1
1636	0.563569682152	3
1637	0.980452046426	1
1638	0.63431013431	1
1639	0.24466137889	1
1642	0.167478684531	1
1643	0.866098600122	1
1644	0.636253041363	3
1646	0.0941676792224	1
1648	0.850323624595	3
1649	0.446331109763	2
1650	0.657575757576	2
1651	0.610942862911	3
1652	0.928268765133	2
1653	0.0411373260738	1
1654	0.960701330109	2
1655	0.471299093656	1
1656	0.0712560386473	1
1658	0.356755126659	2
1660	0.553734939759	5
1662	0.370487364621	4
1664	0.931490384615	1
1665	0.858858858859	1
1666	0.0510204081633	1
1667	0.256448710258	2
1669	0.294188136609	1
1670	0.961676646707	1
1671	0.424895272292	1
1672	0.510765550239	1
1674	0.166467542812	3
1675	0.08	1
1676	0.773866348449	1
1678	0.570321811681	1
1679	0.0946992257296	1
1681	0.580606781678	1
1683	0.0439691027926	1
1685	0.0427299703264	1
1686	0.00237247924081	1
1687	0.690574985181	2
1688	0.203199052133	1
1689	0.565818038287	3
1690	0.443984220907	3
1691	0.807608909915	3
1693	0.919669226226	1
1694	0.687131050767	1
1695	0.35604719764	2
1696	0.0318396226415	1
1698	0.335689045936	1
1699	0.88699234844	1
1700	0.411470588235	2
1701	0.885655496767	2
1702	0.531139835488	1
1704	0.134096244131	2
1705	0.336070381232	1
1706	0.856096131301	2
1708	0.858899297424	1
1710	0.721783625731	4
1711	0.976037405026	1
1712	0.294392523364	1
1713	0.375802685347	4
1716	0.545163170163	2
1719	0.984874927283	1
1720	0.560465116279	1
1722	0.013356562137	1
1724	0.558584686775	3
1725	0.0411594202899	2
1726	0.782155272306	2
1727	0.849449913144	2
1728	0.940393518519	1
1729	0.386350491614	1
1731	0.904679376083	1
1733	0.569532602424	2
1735	0.893948126801	1
1737	0.477835348302	1
1738	0.608745684695	2
1739	0.983898792409	1
1740	0.725862068966	2
1741	0.960654796094	2
1742	0.358783008037	1
1743	0.309810671256	1
1744	0.0447247706422	1
1747	0.896393817974	1
1748	0.349733028223	3
1749	0.933104631218	1
1750	0.398285714286	1
1751	0.75042832667	3
1752	0.930936073059	1
1754	0.794184720639	1
1758	0.0853242320819	1
1759	0.750994883457	1
1761	0.285633162976	2
1762	0.743473325766	1
1763	0.563471355644	5
1765	0.0169971671388	1
1766	0.693374858437	2
1767	0.495755517827	1
1768	0.489253393665	1
1771	0.972896668549	1
1772	0.000564334085779	1
1775	0.301690140845	2
1776	0.906531531532	1
1779	0.962338392355	1
1784	0.430493273543	2
1787	0.82148852826	1
1788	0.63870246085	1
1789	0.509223029625	2
1791	0.155778894472	1
1793	0.810373675404	1
1794	0.737829803047	3
1796	0.0400890868597	1
1797	0.0845854201447	2
1798	0.412680756396	1
1800	0.706111111111	1
1801	0.88117712382	1
1802	0.636514983352	3
1804	0.9955654102	1
1806	0.383997785161	2
1807	0.666482198856	3
1809	0.00718629076838	2
1810	0.933701657459	1
1811	0.110988404197	1
1812	0.502759381898	1
1813	0.225041367899	2
1815	0.936639118457	1
1817	0.773252614199	1
1818	0.684818481848	2
1820	0.834065934066	1
1822	0.0735455543359	1
1823	0.919912232584	1
1825	0.832602739726	2
1826	0.920591456736	1
1827	0.987411056377	1
1828	0.00875273522976	1
1831	0.00655379574003	1
1832	0.966703056769	1
1833	0.0452809601746	1
1834	0.275354416576	1
1835	0.549046321526	2
1837	0.985302123027	1
1840	0.0385869565217	1
1841	0.0760456273764	1
1843	0.765056972328	1
1844	0.943600867679	1
1845	0.770189701897	1
1846	0.489978331528	2
1847	0.898213318896	1
1849	0.956192536506	1
1851	0.541509094183	3
1852	0.211123110151	2
1853	0.887749595251	1
1855	0.147708894879	1
1857	0.940764674206	1
1859	0.569876277569	5
1860	0.266129032258	1
1863	0.41975308642	1
1864	0.0600858369099	1
1867	0.547759328691	3
1869	0.468699839486	1
1870	0.321390374332	1
1871	0.830037413148	1
1872	0.110576923077	1
1873	0.00160170848905	1
1876	0.90618336887	1
1877	0.815396909963	2
1880	0.167553191489	1
1881	0.365231259968	1
1883	0.695167286245	1
1885	0.307161803714	1
1887	0.830418653948	1
1888	0.768538135593	1
1889	0.101111699312	1
1890	0.356349206349	2
1891	0.887890005288	1
1893	0.603275224511	3
1894	0.22439281943	2
1896	0.412447257384	3
1897	0.342646283606	1
1898	0.0305584826133	1
1899	0.371072494295	3
1900	1.0	1
1904	0.767331932773	1
1906	0.0309548793284	2
1907	0.399405698304	3
1908	0.852725366876	1
1909	0.97537977999	1
1912	0.769874476987	2
1913	0.0846837428123	1
1915	0.086684073107	1
1916	0.615866388309	1
1917	0.731872717788	1
1918	0.663190823775	2
1919	0.292339760292	2
1920	0.4046875	2
1922	0.408168574402	2
1923	0.832033281331	1
1925	0.834805194805	1
1928	0.139522821577	1
1930	0.396373056995	1
1931	0.910409114448	1
1932	0.848861283644	1
1933	0.998965338852	1
1934	0.947259565667	1
1936	0.370867768595	1
1938	0.721190230478	3
1939	0.0201134605467	1
1940	0.0556701030928	1
1943	0.346628924344	2
1946	0.493833504625	1
1949	0.00538737814264	2
1951	1.0	1
1953	0.918074756784	2
1956	0.718302658487	1
1958	0.430030643514	1
1959	0.0382848392037	1
1961	0.0142784293728	1
1962	0.243119266055	2
1964	0.506109979633	1
1966	0.108087487284	2
1967	0.802745297407	1
1971	0.720446473871	1
1972	0.213488843813	1
1973	0.156614292955	1
1977	0.38138593829	1
1979	0.472208185953	2
1980	0.770033670034	3
1983	0.510842158346	1
1987	0.712632108707	1
1989	0.697838109603	1
1990	0.755778894472	1
1991	0.0678051230537	1
1998	0.490990990991	1
1999	0.419709854927	2
2000	0.54875	2
2001	0.76111944028	1
2002	0.814185814186	2
2003	0.5332001997	2
2004	0.322854291417	1
2006	0.0373878364905	1
2008	0.200199203187	1
2009	0.0876057740169	1
2010	0.346268656716	1
2011	0.884137245152	1
2012	0.621935056329	3
2014	0.5	1
2017	0.953396132871	1
2018	0.978691774034	1
2019	0.563645368995	1
2023	0.0479485912012	1
2024	0.977272727273	1
2025	0.845432098765	1
2026	0.34336952945	3
2030	0.00147783251232	1
2033	0.913920314806	1
2034	0.576696165192	1
2037	0.515954835542	1
2038	0.501962708538	2
2039	0.930358018637	1
2040	0.977941176471	1
2041	0.742283194512	1
2046	0.0019550342131	1
2049	0.266959492435	1
2052	0.159356725146	1
2053	0.624939113492	1
2054	0.441577409932	3
2059	0.828071879553	1
2062	0.504849660524	2
2065	0.155447941889	1
2066	0.514762826718	2
2067	0.993710691824	1
2069	0.556790720155	1
2070	0.305797101449	1
2071	0.309995171415	1
2074	0.573288331726	2
2076	0.0255298651252	1
2080	0.194711538462	1
2081	0.270543008169	1
2082	0.799711815562	1
2083	0.463754200672	1
2084	0.961612284069	1
2085	0.518944844125	1
2087	0.19118351701	1
2088	0.895114942529	1
2089	0.85639061752	1
2092	0.990439770554	1
2095	0.00715990453461	1
2097	0.935622317597	2
2099	0.230109575989	1
2100	0.125476190476	2
2101	0.975487862922	2
2102	0.548842372344	3
2105	0.900237529691	1
2107	0.889890840057	1
2109	0.346925873242	3
2110	0.0	1
2113	0.0	1
2117	0.0481813887577	1
2119	0.649362907032	2
2120	0.882075471698	1
2122	0.235626767201	1
2123	0.445595854922	1
2124	0.127118644068	1
2125	0.0696470588235	1
2127	0.093559003291	1
2129	0.00281822451855	1
2130	0.907981220657	1
2131	1.0	1
2133	0.847398030942	2
2136	0.0547752808989	1
2138	0.874181478017	1
2139	0.491117344554	2
2140	0.907009345794	1
2141	0.111396543671	2
2142	0.0046685340803	1
2148	0.690409683426	1
2151	0.957229195723	1
2152	0.869423791822	1
2153	0.982350209011	1
2157	0.941585535466	1
2161	0.0712633040259	1
2162	0.987974098057	1
2163	0.535251964864	4
2164	0.336876155268	1
2165	0.997690531178	1
2168	0.372232472325	2
2169	0.528123559244	2
2170	0.470967741935	1
2172	0.0197974217311	1
2173	0.0814542107685	2
2181	0.923429619441	1
2182	0.224106324473	1
2183	0.187814933578	1
2185	0.943707093822	1
2189	0.976244860667	1
2190	0.921917808219	1
2192	0.730383211679	1
2195	0.0756264236902	2
2197	0.440145653163	2
2198	0.871701546861	1
2199	0.157457935425	4
2202	0.88919164396	1
2208	0.928894927536	1
2209	0.676324128565	1
2219	0.11716989635	1
2220	0.676276276276	3
2221	0.814047726249	1
2222	0.400090009001	2
2224	0.827338129496	1
2225	0.727640449438	2
2226	0.916891284816	1
2227	0.45958688819	2
2230	0.000896860986547	1
2232	0.693996415771	1
2233	0.954769368562	1
2234	0.625783348254	2
2237	0.092981671882	1
2238	0.0335120643432	1
2239	0.438886407622	3
2240	0.677232142857	2
2243	0.744538564423	1
2245	0.770155902004	1
2246	0.520926090828	1
2251	0.43003109729	1
2252	0.707593250444	2
2258	0.721877767936	1
2261	0.846970367094	1
2262	0.981874447392	1
2267	0.477062196736	2
2268	0.234567901235	1
2272	0.369718309859	1
2277	0.157663592446	1
2278	0.126426690079	1
2279	0.744624835454	1
2280	0.83201754386	2
2282	0.496932515337	1
2283	0.445904511608	1
2285	0.664113785558	2
2288	0.301136363636	2
2291	0.733304233959	2
2294	0.105928509154	1
2295	0.0997821350763	1
2296	0.602351916376	1
2297	0.577274706138	2
2299	0.761200521966	1
2300	0.441956521739	2
2302	0.869461337967	2
2304	0.193576388889	1
2305	0.902386117137	1
2307	0.879497182488	1
2308	0.312608318891	2
2309	0.753717337953	3
2310	0.683982683983	1
2311	0.536564257897	1
2312	0.362745098039	3
2313	0.618028534371	2
2315	0.00129589632829	1
2316	0.344559585492	1
2318	0.97756686799	1
2319	0.695127210004	3
2321	0.915984489444	1
2322	0.425710594315	2
2323	0.505596211795	2
2324	0.300774526678	2
2326	0.619088564058	1
2328	0.134020618557	1
2329	0.886646629455	1
2330	0.949785407725	1
2332	0.000428816466552	1
2333	0.866266609516	1
2335	0.77130620985	1
2339	0.283882000855	2
2342	0.780315969257	2
2346	0.0946291560102	1
2347	0.284618662122	1
2349	0.0114942528736	1
2350	0.242978723404	1
2356	0.998726655348	1
2359	0.70983467571	2
2360	0.994491525424	1
2362	0.360711261643	1
2365	0.535940803383	2
2366	0.0177514792899	1
2369	0.0126635711271	1
2370	0.883544303797	1
2372	0.990303541315	1
2374	0.0248525695029	1
2376	0.539562289562	2
2379	0.102143757881	2
2381	0.576648467031	2
2382	0.225020990764	1
2385	0.540041928721	1
2386	0.177284157586	1
2387	0.0552995391705	1
2388	0.27135678392	1
2391	0.10539523212	1
2393	0.990388633514	1
2394	0.063074352548	1
2395	0.00396659707724	2
2396	0.959515859766	1
2397	0.580308719232	2
2400	0.117916666667	1
2404	0.904742096506	1
2405	0.00706860706861	1
2406	0.0453034081463	1
2409	0.921544209215	1
2412	0.91583747927	1
2416	0.012417218543	1
2417	0.79726934216	2
2420	0.735537190083	1
2423	0.0103177878663	1
2424	0.267739273927	1
2425	0.211134020619	1
2427	0.238772146683	2
2433	0.00369913686806	1
2435	0.00944558521561	1
2438	0.905660377358	1
2440	0.279098360656	1
2446	0.0147179067866	1
2452	0.595432300163	1
2453	0.231553200163	1
2454	0.315403422983	1
2458	0.890561432059	1
2460	0.89512195122	1
2464	0.133928571429	1
2465	0.0693711967546	1
2470	0.012955465587	1
2471	0.617159044921	1
2474	0.810428455942	1
2476	0.674071082391	1
2482	0.929089443997	1
2485	0.0217303822938	2
2491	0.37494981935	1
2494	0.980753809142	2
2495	0.999198396794	1
2497	0.458950740889	1
2498	0.406325060048	3
2501	0.890843662535	2
2503	0.504394726328	2
2507	0.0844302619333	3
2509	0.348744519729	1
2511	0.753086419753	1
2512	0.720541401274	1
2514	0.470564836913	1
2516	0.689189189189	1
2517	0.100913786253	1
2519	0.408495434696	1
2520	0.893650793651	1
2523	0.939754260801	1
2526	0.0387965162312	1
2531	0.996048992493	1
2532	0.609794628752	2
2533	0.924200552704	1
2536	0.625	1
2538	0.075256107171	1
2539	0.0925561244584	1
2542	0.595200629426	1
2546	0.198350353496	1
2549	0.747351902707	1
2552	0.862852664577	1
2555	0.470450097847	2
2557	0.798005475166	2
2558	0.550430023456	1
2559	0.537710042986	2
2560	0.317578125	1
2561	0.871534556814	1
2563	0.117440499415	1
2568	0.520054517134	2
2570	0.28326848249	3
2575	0.591262135922	2
2576	0.973602484472	1
2577	0.638727202173	1
2579	0.652190771617	1
2581	0.786904300659	1
2582	0.338109992254	1
2589	0.933565083044	1
2593	0.0991129965291	1
2596	0.939137134052	1
2600	0.772115384615	2
2608	0.270705521472	1
2610	0.938314176245	1
2615	0.258699808795	4
2625	0.780571428571	1
2626	0.700685453161	1
2628	0.944824961948	1
2631	0.056632459141	1
2633	0.0387390808963	1
2636	0.781107738998	2
2640	0.00984848484848	1
2641	0.0802726240061	1
2642	0.0476911430734	2
2646	0.722978080121	1
2650	0.00792452830189	1
2652	0.0893665158371	1
2653	0.136826234452	1
2655	0.264595103578	2
2657	0.0745201354912	1
2659	0.0804813839789	1
2660	0.989473684211	1
2662	0.409967443025	3
2666	0.0247561890473	1
2672	0.137350299401	1
2676	0.761958146487	1
2681	0.699365908243	1
2682	0.0365398956003	1
2683	0.0163995527395	1
2684	0.0957526080477	1
2687	0.30579332589	3
2688	0.477678571429	2
2694	0.909242761693	2
2695	0.271057513915	2
2696	0.0	1
2697	0.239525398591	1
2699	0.770841052242	2
2700	0.765925925926	1
2703	0.663522012579	2
2705	0.0447319778189	1
2708	0.990398818316	1
2710	0.442435424354	1
2712	0.0483038348083	1
2713	0.325838555105	3
2714	0.183492999263	1
2716	0.0729013254786	1
2719	0.215520411916	1
2722	0.988243938281	1
2724	0.956314243759	1
2725	0.08	1
2737	0.982097186701	2
2738	0.981008035062	1
2740	0.0167883211679	1
2744	0.901967930029	1
2745	0.102732240437	1
2746	0.0200291332848	1
2747	0.883509282854	1
2750	0.541090909091	1
2751	0.217557251908	2
2754	0.653413217139	2
2760	0.143297101449	2
2763	0.943177705393	1
2768	0.316835260116	1
2771	0.99494767232	1
2773	0.508835196538	1
2774	0.911319394376	1
2780	0.000719424460432	1
2783	0.666906216313	1
2788	0.97525107604	1
2789	0.00609537468627	1
2792	0.00501432664756	1
2795	0.69373881932	2
2800	0.488214285714	1
2803	0.296646450232	2
2806	0.993228795438	1
2809	0.703275186899	2
2813	0.797724848916	1
2816	0.0358664772727	1
2819	0.0546293011706	1
2820	0.0783687943262	1
2822	0.0924875974486	1
2831	0.160014129283	1
2833	0.527356159548	2
2843	0.422792824481	1
2844	0.656586966714	3
2845	0.925483304042	2
2847	0.716543730242	2
2850	0.876842105263	1
2857	0.0	1
2858	0.0150454863541	1
2865	0.708202443281	1
2867	0.556679455877	1
2877	0.912756343413	1
2878	0.347637248089	2
2881	0.834432488719	1
2883	0.921956295525	1
2887	0.948389331486	1
2888	0.535318559557	2
2892	0.73357538036	2
2895	0.586183074266	1
2899	0.79855122456	1
2900	0.971034482759	1
2901	0.727335401586	1
2904	0.304579889807	2
2905	0.418244406196	1
2906	0.532346868548	1
2908	0.12310866575	1
2909	0.842901340667	1
2911	0.783923050498	1
2912	0.455357142857	1
2916	0.814128943759	1
2919	0.12641315519	1
2921	0.588497090038	1
2928	0.964480874317	1
2929	0.512461590987	1
2931	0.466393722279	2
2943	0.769962623174	2
2954	0.957684495599	2
2967	0.00235928547354	1
2972	0.316621803499	2
2973	0.00134544231416	1
2974	0.539677202421	1
2986	0.00334896182184	1
3000	0.705333333333	1
3001	0.869376874375	1
3003	0.035631035631	1
3013	0.0384998340524	1
3015	0.465671641791	1
3017	0.0377858800133	1
3018	0.86646785951	1
3020	0.653311258278	1
3024	0.841600529101	1
3027	0.405682193591	1
3030	0.132178217822	2
3032	0.235488126649	1
3034	0.672050098879	2
3036	0.520421607378	1
3042	0.00394477317554	1
3049	0.733683174811	1
3050	0.951475409836	1
3051	0.0521140609636	1
3054	0.988212180747	1
3055	0.897545008183	1
3059	0.249754821837	1
3060	0.268954248366	1
3062	0.93370346179	1
3063	0.0763956904995	1
3067	0.803390935768	1
3068	0.536397218601	3
3077	0.992200194995	1
3082	0.70700843608	1
3090	0.106796116505	1
3092	0.978978007762	1
3094	0.647058823529	1
3095	0.518255250404	1
3098	0.706907682376	1
3107	0.429996781461	1
3110	0.678778135048	1
3111	0.869495339119	1
3116	0.202503209243	1
3121	0.0704902274912	1
3123	0.829811079091	2
3132	0.0249042145594	1
3133	0.0322374720715	1
3140	0.00891719745223	1
3145	0.0391096979332	1
3146	0.878893833439	1
3147	0.283126787417	1
3149	0.558590028581	1
3150	0.0107936507937	1
3152	0.00348984771574	1
3156	0.295152091255	2
3161	0.000632711167352	1
3168	0.723800505051	1
3169	0.986115493847	1
3173	0.996533249291	1
3175	0.468031496063	2
3176	0.307304785894	2
3179	0.933941491035	1
3188	0.0834378920954	1
3190	0.0805642633229	1
3201	0.145891908779	1
3202	0.0565271705184	2
3203	0.891976272245	1
3207	0.824134705332	1
3212	0.779887920299	1
3221	0.00745110214219	1
3231	0.008356545961	1
3238	0.51358863496	1
3245	0.0117103235747	1
3246	0.995995070856	1
3247	0.464428703419	1
3255	0.975729646697	2
3260	0.711656441718	3
3269	0.0728051391863	1
3270	0.910703363914	1
3276	0.555860805861	2
3281	0.687290460226	1
3283	0.874200426439	1
3285	0.0429223744292	1
3289	0.00182426269383	1
3292	0.954434993925	1
3318	0.76582278481	1
3321	0.10027100271	1
3336	0.0467625899281	1
3338	0.994607549431	1
3347	0.870032865252	1
3362	0.039262343843	1
3370	0.0118694362018	1
3373	0.679217313964	1
3385	0.94623338257	1
3388	0.799881936246	2
3390	0.818584070796	1
3407	0.159377751688	1
3409	0.0507480199472	1
3410	0.18064516129	1
3429	0.0285797608632	1
3438	0.131762652705	2
3454	0.587434858135	1
3458	0.032967032967	1
3464	0.0834295612009	1
3467	0.0630227862706	2
3469	0.283078697031	1
3471	0.0377412849323	1
3472	0.296370967742	1
3473	0.126115750072	1
3478	0.0224266820012	1
3484	0.040757749713	1
3492	0.016323024055	1
3493	0.24735184655	1
3498	0.0337335620354	1
3501	0.388460439874	1
3504	0.0653538812785	1
3521	0.238852598694	1
3524	0.219069239501	2
3526	0.946681792399	2
3529	0.209974497025	1
3532	0.0503963759909	1
3534	0.0	1
3537	0.00706813683913	1
3543	0.0135478408129	1
3545	0.884344146685	1
3548	0.0569334836528	1
3549	0.0	1
3558	0.14586846543	1
3564	0.406565656566	1
3574	0.118354784555	1
3575	0.503216783217	2
3583	0.38082612336	2
3584	0.486328125	1
3585	0.000278940027894	1
3587	0.70643992194	1
3593	0.0292234901197	1
3598	0.0172317954419	1
3610	0.979778393352	1
3614	0.218317653569	1
3621	0.545981772991	1
3622	0.995306460519	1
3628	0.406835722161	1
3629	0.0	1
3639	0.986259961528	1
3645	0.759122085048	1
3652	0.735213581599	1
3654	0.601258894362	1
3655	0.711901504788	1
3660	0.856010928962	1
3665	0.00954979536153	1
3667	0.469866375784	1
3668	0.0299890948746	1
3671	0.950422228276	1
3673	0.329158725837	1
3677	0.101169431602	1
3680	0.339402173913	1
3683	0.00298669562856	1
3687	0.0604827773257	1
3690	0.914363143631	1
3691	0.00352208073693	1
3710	0.0641509433962	1
3711	0.710590137429	1
3722	0.12815690489	1
3729	0.0147492625369	1
3730	0.673190348525	1
3735	0.477108433735	1
3738	0.949170679508	1
3739	0.0213960952126	1
3767	0.282452880276	2
3775	0.00211920529801	1
3786	0.863972530375	1
3802	0.390583903209	1
3803	0.0536418616881	1
3804	0.295215562566	1
3814	0.860251704248	1
3817	0.403458213256	1
3819	0.0104739460592	1
3821	0.958126144988	1
3824	0.744508368201	1
3825	0.956862745098	1
3831	0.895066562255	1
3833	0.695016957996	1
3841	0.96693569383	1
3849	0.511041829047	1
3854	0.0326933056565	1
3855	0.890272373541	1
3859	0.874060637471	1
3865	0.860284605433	1
3869	0.339881106229	1
3872	0.85847107438	1
3874	0.338668043366	1
3879	0.63444186646	1
3884	0.159114315139	1
3886	0.462171899125	1
3887	0.189863648058	1
3895	0.503722721438	2
3901	0.01127915919	1
3904	0.966956967213	1
3910	0.0493606138107	1
3917	0.00255297421496	1
3919	0.0359785659607	1
3920	0.0438775510204	1
3927	0.797300738477	3
3928	0.00229124236253	1
3934	0.0162684290798	1
3956	0.759352881699	1
3957	0.800859236796	1
3974	0.0284348263714	1
3976	0.0387323943662	1
3982	0.45755901557	2
3985	0.00702634880803	1
3988	0.864844533601	1
3993	0.940395692462	1
3994	0.113670505759	1
3998	0.404702351176	2
4003	0.849113165126	1
4004	0.515734265734	1
4011	0.0438793318374	1
4017	0.0567587752054	1
4022	0.0300845350572	1
4024	0.149478131213	2
4048	0.0200098814229	1
4051	0.716119476672	2
4066	0.665764879488	1
4067	0.737152692402	1
4068	0.0395771878073	1
4069	0.480216269354	1
4073	0.032654063344	1
4078	0.392717018146	2
4080	0.00808823529412	1
4086	0.957660303475	1
4096	0.98291015625	1
4099	0.00390339107099	1
4100	0.268780487805	1
4120	0.605339805825	1
4133	0.943140575853	1
4135	0.854413542926	1
4144	0.0885617760618	1
4147	0.0337593441042	1
4153	0.320250421382	1
4156	0.897978825794	1
4157	0.244888140486	1
4158	0.0841750841751	1
4207	0.83931542667	1
4230	0.466903073286	2
4240	0.985613207547	1
4241	0.00707380334827	1
4249	0.00188279595199	1
4262	0.321445330831	1
4264	0.58700750469	1
4274	0.0175479644361	1
4275	0.999766081871	1
4290	0.917016317016	1
4291	0.972500582615	1
4301	0.0281329923274	1
4303	0.966767371601	1
4306	0.21040408732	1
4308	0.00580315691736	1
4313	0.527243218178	1
4319	0.913868951146	1
4331	0.00554144539367	1
4342	0.128281897743	1
4354	0.00229673863114	1
4363	0.1377492551	1
4365	0.371363115693	1
4367	0.741699106938	1
4368	0.0125915750916	1
4372	0.00434583714547	1
4377	0.65661411926	1
4382	0.626654495664	1
4385	0.0346636259977	1
4387	0.30681559152	1
4391	0.168526531542	1
4400	0.0879545454545	1
4404	0.704586739328	1
4407	0.176310415248	1
4417	0.102558297487	1
4418	0.0228610230874	1
4429	0.834499887108	1
4440	0.28018018018	1
4445	0.00539932508436	1
4451	0.950348236351	1
4463	0.00044812906117	1
4468	0.088630259624	1
4469	0.0149921682703	1
4495	0.299666295884	1
4507	0.0390503660972	1
4515	0.881949058693	1
4529	0.886729962464	1
4546	0.361746590409	2
4553	0.977597188667	1
4554	0.746157224418	1
4574	0.0019676432007	1
4596	0.0130548302872	1
4598	0.470856894302	2
4608	0.153645833333	1
4610	0.149240780911	1
4611	0.527868141401	1
4614	0.50736887733	2
4621	0.814975113612	1
4624	0.599048442907	1
4627	0.0198832937108	1
4629	0.00432058759991	1
4642	0.0124946143903	1
4651	0.170285960009	1
4653	0.830002149151	1
4663	0.0139395239116	1
4664	0.989065180103	1
4670	0.684796573876	1
4681	0.279854731895	2
4685	0.929348986126	1
4694	0.927141031104	1
4695	0.905644302449	1
4707	0.0811557255152	1
4708	0.921835174172	1
4735	0.405279831045	1
4756	0.109756097561	1
4759	0.0638789661694	1
4763	0.00125971026664	1
4767	0.848751835536	1
4782	0.721246340443	1
4790	0.325887265136	1
4793	0.997287711246	1
4796	0.00271059216013	1
4801	0.879608414914	1
4826	0.732697886448	1
4839	0.0400909278777	1
4841	0.417888865937	1
4847	0.014029296472	1
4859	0.866227618852	1
4864	0.999588815789	1
4867	0.00287651530717	1
4870	0.0620123203285	1
4873	0.0151857172173	1
4887	0.406384284837	1
4897	0.100061261997	1
4921	0.506909164804	2
4928	0.998376623377	1
4939	0.0062765742053	1
4961	0.000403144527313	1
4963	0.0225669957687	1
4967	0.221864304409	1
4968	0.466586151369	2
4988	0.668604651163	1
5010	0.289221556886	1
5018	0.270027899562	1
5026	0.147234381218	1
5057	0.176389163536	1
5065	0.989141164857	1
5075	0.0443349753695	1
5102	0.0	1
5104	0.0540752351097	1
5109	0.0	1
5152	0.00291149068323	1
5195	0.0843118383061	1
5228	0.716622035195	2
5237	0.0227229329769	1
5244	0.969679633867	1
5247	0.134553077949	1
5266	0.856437523737	1
5270	0.687381404175	2
5271	0.998292544109	1
5302	0.00603545831762	1
5308	0.0356066314996	1
5313	0.00395256916996	1
5342	0.141894421565	1
5378	0.53105243585	1
5380	0.981040892193	1
5385	0.980129990715	1
5428	0.0956153279293	1
5440	0.325551470588	1
5445	0.362718089991	1
5450	0.0366972477064	1
5467	0.715383208341	1
5493	0.0131075914801	1
5494	0.919912631962	1
5499	0.0907437715948	1
5501	0.979094710053	1
5563	0.0136616933309	1
5578	0.113660810326	1
5587	0.00143189547163	1
5615	0.816028495102	1
5619	0.534792667734	1
5624	0.875355618777	1
5637	0.188930282065	1
5676	0.894467935166	1
5686	0.219486457967	1
5691	0.72676155333	1
5701	0.952464479916	1
5740	0.775609756098	1
5877	0.785945210141	1
5891	0.0307248344933	1
5918	0.0446096654275	1
5933	0.0	1
5934	0.724469160768	1
6000	0.912333333333	1
6014	0.0018290655138	1
6047	0.0565569703985	1
6058	0.615384615385	1
6059	0.105958078891	1
6124	0.960483344219	1
6142	0.80771735591	1
6147	0.0780868716447	1
6202	0.00209609803289	1
6231	0.00304926978013	1
6234	0.648379852422	1
6238	0.950945815967	1
6245	0.758847077662	1
6256	0.952046035806	1
6277	0.0350485900908	1
6283	0.218048702849	1
6300	0.000634920634921	1
6309	0.109050562688	1
6319	0.0117107137205	1
6321	0.355165321943	1
6334	0.0273129144301	1
6337	0.000157803376992	1
6390	0.588419405321	1
6421	0.122410839433	1
6423	0.00482640510665	1
6437	0.495261767904	1
6444	0.81409062694	1
6455	0.00154918667699	1
6460	0.574303405573	1
6508	0.206207744315	1
6513	0.0214954705973	1
6532	0.930802204532	1
6535	0.360979342005	1
6541	0.0429597920807	1
6548	0.329108124618	1
6570	0.0799086757991	1
6574	0.0133860663219	1
6586	0.0368964470088	1
6606	0.0193763245534	1
6619	0.749055748603	1
6649	0.0305309069033	1
6657	0.0363527114316	1
6707	0.0017891754883	1
6754	0.00681077879775	1
6770	0.003988183161	1
6772	0.0437093916125	1
6811	0.779621200998	1
6826	0.0467330794023	1
6831	0.00278143756405	1
6871	0.0353660311454	1
6879	0.00755923826138	1
6881	0.0267402993751	1
6891	0.0674793208533	1
6894	0.733536408471	1
6913	0.990886735137	1
6927	0.997834560416	1
6935	0.00245133381399	1
6950	0.876690647482	1
6969	0.453006170182	1
6996	0.0102915951973	1
6999	0.0262894699243	1
7009	0.0144100442288	1
7023	0.911149081589	1
7058	0.880277699065	1
7087	0.357203330041	2
7098	0.00140884756269	1
7141	0.711805069318	1
7144	0.961926091825	1
7183	0.00821383822915	1
7216	0.116407982262	1
7276	0.00398570643211	1
7286	0.000686247598133	1
7295	0.0708704592186	1
7308	0.915161466886	1
7321	0.94495287529	1
7335	0.997955010225	1
7377	0.04242917175	1
7382	0.71511785424	1
7397	0.806137623361	1
7408	0.00215982721382	1
7421	0.051340789651	1
7455	0.0144869215292	1
7459	0.0150154176163	1
7496	0.0570971184632	1
7528	0.879250797024	1
7581	0.418348502836	2
7606	0.014725216934	1
7614	0.133963750985	1
7618	0.0454187450774	1
7622	0.0139071109945	1
7717	0.00388752105741	1
7722	0.0565915565916	1
7741	0.00258364552383	1
7749	0.184798038457	1
7757	0.709552662112	1
7759	0.903595824204	1
7807	0.0	1
7818	0.0807751343054	2
7839	0.025130756474	1
7854	0.101731601732	1
7873	0.00254032770227	1
7912	0.00328614762386	1
7938	0.863819601915	1
7943	0.845020773008	1
8064	0.0063244047619	1
8089	0.0262084312029	1
8096	0.798666007905	1
8108	0.00419338924519	1
8138	0.0314573605308	1
8177	0.0178549590314	1
8226	0.997568684658	1
8250	0.924	1
8251	0.846806447703	1
8344	0.901725790988	1
8346	0.00407380781213	1
8392	0.0100095328885	1
8458	0.984393473634	1
8484	0.00436115040075	1
8488	0.0320452403393	1
8489	0.130993049829	1
8508	0.932651622003	1
8516	0.0622357914514	1
8564	0.0673750583839	1
8604	0.191306369131	1
8702	0.0351643300391	1
8715	0.147791164659	1
8748	0.104823959762	1
8780	0.0608200455581	1
8839	0.0208168344835	1
8854	0.00361418567879	1
8865	0.60225606317	1
8885	0.000112549240293	1
8891	0.0019120458891	1
8896	0.151303956835	1
8914	0.00201929549024	1
8953	0.0570758405004	1
8982	0.992874638165	1
8991	0.104660215771	1
9051	0.0881670533643	1
9156	0.0762341633901	1
9158	0.0222756060275	1
9180	0.00915032679739	1
9208	0.11728931364	1
9214	0.799435641415	1
9222	0.997180654956	1
9238	0.00638666378004	1
9257	0.779302149725	1
9278	0.0417115757706	1
9329	0.978883052846	1
9363	0.016234112998	1
9407	0.0	1
9409	0.584015304496	1
9502	0.281730162071	1
9546	0.00995181227739	1
9650	0.925077720207	1
9747	0.985944393147	1
9777	0.297637312059	1
9924	0.0586457073761	1
10062	0.932319618366	1
10064	0.000198728139905	1
10112	0.844442246835	1
10136	0.00276243093923	1
10140	0.00710059171598	1
10168	0.00668764752164	1
10176	0.0401926100629	1
10197	0.0200058840836	1
10204	0.00568404547236	1
10210	0.00342801175318	1
10222	0.0	1
10247	0.0449887772031	1
10274	0.0169359548375	1
10297	0.818782169564	1
10309	0.604908332525	1
10367	0.980708015819	1
10372	0.599691477054	1
10404	0.0221068819685	1
10471	0.015662305415	1
10531	9.4957743804e-05	1
10540	0.742789373814	1
10592	0.952133685801	1
10598	0.0547273070391	1
10613	0.710355224724	1
10639	0.870006579566	1
10651	0.999436672613	1
10695	0.0372136512389	1
10814	0.997318291104	1
10853	0.0224822629688	1
10893	0.022858716607	1
10920	0.684798534799	1
10953	0.0	1
11110	0.0037803780378	1
11118	0.691761108113	1
11173	0.0459142575853	1
11238	0.557305570386	1
11273	0.721547059345	1
11308	0.00106119561372	1
11316	0.998674443266	1
11330	0.0352162400706	1
11365	0.132512098548	1
11371	0.0890862720957	1
11387	0.00281022218319	1
11435	0.048097944906	1
11446	0.0147649834003	1
11522	0.000260371463288	1
11587	0.363251920255	1
11616	0.0173037190083	1
11733	0.0182391545214	1
11749	0.10188101115	1
11852	0.626223422207	1
11873	0.00101069653836	1
11898	0.701714573878	1
11933	0.00603368809185	1
12065	0.012349772068	1
12072	0.685801855533	1
12168	0.00682117028271	1
12304	0.833956436931	1
12399	0.723445439148	1
12574	0.066486400509	1
12593	0.571349162233	1
12629	0.00578034682081	1
12661	0.776794881921	1
12872	0.00605966438782	1
12902	0.130522399628	1
12917	0.890609274599	1
12977	0.884179702551	1
13013	0.000691616076231	1
13027	0.116143394488	1
13138	0.65413304917	1
13208	0.220850999394	1
13221	0.56924589668	1
13329	0.394778302948	1
13435	0.76963155936	1
13510	0.00377498149519	1
13556	0.0351136028327	2
13592	0.0041936433196	1
13929	0.749946155503	1
13935	0.027197703624	1
14079	0.0834576319341	1
14130	0.00467091295117	1
14157	0.893409620682	1
14263	0.00238379022646	1
14270	0.0062368605466	1
14338	0.360580276189	1
14502	0.0129637291408	1
14559	0.898207294457	1
14596	0.013839408057	1
14800	0.0159459459459	1
14954	0.0115019392805	1
14971	0.942221628482	1
15081	0.00477421921623	1
15380	0.73088426528	1
15569	0.00372535166035	1
15737	0.00940458791383	1
15978	0.0105770434347	1
15989	0.00650447182438	1
16152	0.991765725607	1
16161	0.0257409813749	1
16191	0.443950342783	1
16266	0.139862289438	1
16294	0.847796734994	1
16305	0.546948788715	1
16514	0.00878042872714	1
16628	0.345742121722	1
16693	0.0123405020068	1
16745	0.00609137055838	1
16783	0.881725555622	1
16832	0.0775605988593	2
16929	0.327603520586	1
16996	0.0111202635914	1
17112	0.170874240299	1
17206	0.238347088225	1
17273	0.992763272159	1
17283	0.773823988891	1
17307	0.494424221413	1
17469	0.0020035491442	1
17476	0.636873426413	1
17543	0.994071709514	1
17638	0.00215443927883	1
17846	0.0393365460047	1
17848	0.978372926939	1
17992	0.810582481103	1
18026	0.110174192833	1
18140	0.000441014332966	1
18188	0.690290301298	1
18228	0.913868773316	1
18379	0.651123564938	1
18642	0.00305761184422	1
19564	0.770650173789	1
19598	0.00408204918869	1
19891	0.018903021467	1
20016	0.0424660271783	1
20298	0.024041777515	1
20622	0.00577053632043	1
21024	0.0399067732116	1
21389	0.00107531908925	1
21422	4.66809821679e-05	1
21431	0.0375157482152	1
21968	0.809768754552	1
22069	0.885450178984	1
22111	0.652571118448	1
22415	0.276600490743	1
22500	0.841777777778	1
23068	0.0136119299462	1
23080	0.0388648180243	1
23084	0.120776295269	1
23151	0.000734309533066	1
23163	0.376203427881	1
23319	0.179596037566	1
24104	0.00696979754398	1
24361	0.211116128238	1
24384	0.166338582677	1
24652	0.872464708746	1
24805	0.930376940133	1
25951	0.0	1
26232	0.120387313205	1
26755	0.00325172864885	1
26794	0.916996342465	1
26838	0.00216111483717	1
27062	0.00942280688789	1
27232	0.998310810811	1
27261	0.736986904369	1
27809	0.000143838325722	1
28111	0.14079897549	1
28363	0.0016923456616	1
28441	0.000632889138919	1
28796	0.879670787609	1
28831	0.00339911900385	1
29037	0.427041361022	1
29890	0.994412847106	1
30514	0.000950383430556	1
30559	0.623547890965	1
30934	0.771351910519	1
31304	0.566189624329	1
32274	0.00523641321187	1
32537	0.000522482097305	1
32808	0.624451353328	1
33481	0.00576446342702	1
34192	0.0385762751521	1
35541	0.00191328325033	1
35567	0.0175724688616	1
36472	0.00723842948015	1
38324	0.00182653167728	1
39156	0.0375676780059	1
39997	0.00187514063555	1
40487	0.474868476301	1
40628	0.0158019100128	1
41387	0.998356971996	1
41407	0.000990170744077	1
41709	0.00323671150111	1
41742	0.0463082746395	1
41944	0.0166412359336	1
42077	0.0129762102812	1
42558	0.0965740871282	1
42780	0.000210378681627	1
43167	0.730975050386	1
43555	0.00247962346459	1
46297	0.00323995075275	1
47461	0.777396177914	1
49457	0.995976302647	1
50710	0.0440938670874	1
51546	0.552225196911	1
52191	0.000268245482938	1
53189	0.00940043994059	1
57772	0.709617115558	1
58541	0.0130336003826	1
58766	0.00251846305687	1
58798	0.00144562740229	1
61296	0.0573610023493	1
61484	0.507855702297	1
64562	0.00173476658096	1
66424	0.00210767192581	1
66988	0.00179136561772	1
67097	0.00810766502228	1
67410	0.176680017802	1
69334	0.0100816338304	1
69383	0.00038914431489	1
82836	0.432022309141	1
84342	0.00036755116075	1
87013	0.00597611851103	1
92538	0.00444141866044	1
96611	0.974681972032	1
103750	0.000607228915663	1
103892	0.859353944481	1
104530	0.283411460825	1
110169	0.638555310478	1
114219	0.000971817298348	1
116169	0.000680043729394	1
116218	0.903113115008	1
116430	0.00115949497552	1
117142	0.00191220911373	1
128368	0.000872491586688	1
129482	4.63384872029e-05	1
132757	0.200245561439	1
139890	0.00144399170777	1
161490	0.000835965075237	1
166340	0.00428038956354	1
172166	0.000226525562538	1
182128	2.74532197136e-05	1
185985	0.888974917332	1
208184	0.000513968412558	1
208859	0.00263335551736	1
244314	0.000859549596012	1
254493	0.00029077420597	1
341204	0.490671269973	1
348444	4.87883275361e-05	1
554381	0.000526713577846	1
661905	0.000336906353631	1
