1	0.365887708649	16475
2	0.299122719569	10031
3	0.251011797124	7742
4	0.221295313211	6593
5	0.191618879577	6801
6	0.185239253852	6165
7	0.174657711186	5530
8	0.163579645155	5129
9	0.152345102111	5136
10	0.124779696863	5674
11	0.126285160039	5155
12	0.137200029265	4556
13	0.140731761076	4188
14	0.136196364172	3882
15	0.13238506477	3937
16	0.130212691771	3585
17	0.138477743675	3239
18	0.142049956934	3225
19	0.118096697044	3367
20	0.093114332476	4277
21	0.123949133509	3138
22	0.132131720522	2653
23	0.132695064133	2366
24	0.141244141457	2347
25	0.151356005166	2323
26	0.141742133268	2183
27	0.143701423332	1949
28	0.146963281991	1957
29	0.140357050261	1862
30	0.146029983343	1801
31	0.150965443261	1684
32	0.139440298507	1675
33	0.156413980056	1565
34	0.157082987239	1558
35	0.147167007245	1538
36	0.1500291248	1526
37	0.148199992822	1506
38	0.147019423979	1493
39	0.133416980343	1594
40	0.107248828735	1921
41	0.134751193356	1492
42	0.149794194876	1342
43	0.146847565842	1253
44	0.156791353672	1186
45	0.160764803434	1139
46	0.148867962332	1085
47	0.174068906716	1098
48	0.155638415404	1056
49	0.172624079217	1014
50	0.160958772771	1043
51	0.167766808809	1007
52	0.183478081059	930
53	0.168967118315	894
54	0.16946521492	847
55	0.183975679121	927
56	0.162412112496	894
57	0.170778185132	847
58	0.15744046369	821
59	0.182342401713	823
60	0.163885757234	887
61	0.172874592987	871
62	0.184104849742	731
63	0.188917040213	733
64	0.195097870879	728
65	0.191527987897	661
66	0.181841208437	658
67	0.18034273079	675
68	0.184948096886	680
69	0.189991960541	667
70	0.187597611392	622
71	0.186554912296	652
72	0.197853743364	607
73	0.193428628152	690
74	0.202766546074	635
75	0.18959124928	579
76	0.19013049866	609
77	0.195960546867	607
78	0.194711538462	592
79	0.222124380848	575
80	0.206571691176	544
81	0.213794360166	542
82	0.187071265244	512
83	0.213076755921	499
84	0.213688085676	498
85	0.235652661064	525
86	0.218343515964	472
87	0.224016683641	474
88	0.210926573427	520
89	0.214893617021	470
90	0.195906432749	475
91	0.210595374774	469
92	0.213065661047	490
93	0.232896652111	458
94	0.253740228814	411
95	0.227999051683	444
96	0.233370288248	451
97	0.22592673832	423
98	0.22667638484	378
99	0.21756021756	403
100	0.20259009009	444
101	0.21349009901	448
102	0.242355683532	429
103	0.225327795016	388
104	0.222706330128	384
105	0.216297428062	374
106	0.215678231916	391
107	0.231223804441	359
108	0.242452167808	422
109	0.21848547823	362
110	0.249553469201	397
111	0.240730871717	355
112	0.24568877551	350
113	0.241614116899	334
114	0.230779153767	340
115	0.221435179067	329
116	0.237010241473	367
117	0.233075168559	341
118	0.226531008693	349
119	0.228392156863	375
120	0.247230848861	322
121	0.228200371058	343
122	0.252473354681	343
123	0.231328586578	322
124	0.234934135463	311
125	0.228916943522	301
126	0.251760748449	302
127	0.235016801244	314
128	0.273014440433	277
129	0.219847049304	297
130	0.239973474801	290
131	0.261128895455	279
132	0.264513264513	273
133	0.238548498907	282
134	0.264254897388	256
135	0.237720797721	325
136	0.26384572697	265
137	0.263663129485	238
138	0.270208758437	277
139	0.26248630725	243
140	0.25917989418	270
141	0.277343649259	275
142	0.221660608814	248
143	0.275099349989	227
144	0.259947447447	259
145	0.272654370489	258
146	0.269442347104	254
147	0.269822683172	244
148	0.293526785714	224
149	0.283081655481	240
150	0.267974842767	265
151	0.272664992007	232
152	0.257479799083	241
153	0.245395127748	253
154	0.303505911129	223
155	0.288483305037	228
156	0.277875793931	218
157	0.289253783673	218
158	0.319453697535	228
159	0.313875786164	224
160	0.259755291005	189
161	0.297202220634	226
162	0.289066072245	216
163	0.29173028343	221
164	0.266653002664	238
165	0.324579124579	216
166	0.321591785863	203
167	0.291079379702	195
168	0.287660798917	211
169	0.283447944986	185
170	0.269837935174	196
171	0.306362445275	183
172	0.294250645995	198
173	0.250639172966	208
174	0.325490900383	192
175	0.300801393728	164
176	0.291607481061	192
177	0.280293908802	183
178	0.263224340361	178
179	0.321945655035	191
180	0.281534090909	176
181	0.307600418098	185
182	0.286411557985	197
183	0.331260599209	174
184	0.296412376634	163
185	0.286640926641	175
186	0.330939993063	155
187	0.300052888288	182
188	0.34930127156	169
189	0.290217939027	168
190	0.314243421053	160
191	0.291175171892	166
192	0.302320075758	154
193	0.318379300357	161
194	0.298389175258	160
195	0.282971014493	184
196	0.287908711872	186
197	0.36978926319	165
198	0.309764309764	159
199	0.301950931126	170
200	0.269556962025	158
201	0.35054181149	146
202	0.298316272305	177
203	0.31469339222	145
204	0.305616983636	133
205	0.309200370485	158
206	0.316214776225	164
207	0.294460547504	150
208	0.297295673077	160
209	0.330832535885	125
210	0.284322820037	154
211	0.309592150057	142
212	0.33307316411	139
213	0.329630364346	142
214	0.302842912306	167
215	0.292993440668	156
216	0.296193415638	135
217	0.334485407066	132
218	0.340875278949	148
219	0.310140603101	101
220	0.335574494949	144
221	0.324009324009	132
222	0.353761656393	114
223	0.335600565805	149
224	0.299445812808	145
225	0.295446775447	143
226	0.334994077068	127
227	0.36765177816	151
228	0.291072306936	107
229	0.300734572289	129
230	0.280182002022	129
231	0.345358345358	135
232	0.331166573971	124
233	0.312119659215	134
234	0.320512820513	109
235	0.309090909091	121
236	0.29107195956	114
237	0.337282700422	125
238	0.341075319016	108
239	0.329284640695	103
240	0.331981981982	111
241	0.34656997712	107
242	0.354491888583	108
243	0.321135950766	111
244	0.359631147541	116
245	0.353819241983	105
246	0.303080872914	95
247	0.335426695145	127
248	0.323555107527	120
249	0.322885291165	128
250	0.315285714286	84
251	0.370517928287	108
252	0.32379349046	99
253	0.328824745259	109
254	0.343728415527	114
255	0.378265204387	118
256	0.349739583333	120
257	0.346525847693	105
258	0.289873000165	94
259	0.331505069823	107
260	0.357732371795	96
261	0.366267220999	94
262	0.368873041382	76
263	0.296264356552	97
264	0.359959893048	102
265	0.302712264151	96
266	0.404577620522	102
267	0.320366348787	119
268	0.387335168816	103
269	0.317336938155	88
270	0.343771043771	99
271	0.368107045556	107
272	0.356417838875	92
273	0.322701688555	82
274	0.328918654526	97
275	0.344037780401	77
276	0.296756383713	105
277	0.355227289472	98
278	0.381662017325	98
279	0.427468588759	91
280	0.338843888071	97
281	0.319320877817	96
282	0.327290490664	98
283	0.352731154299	96
284	0.35732750936	79
285	0.282817337461	68
286	0.348861922391	102
287	0.372608973903	98
288	0.340901997503	89
289	0.428715343174	79
290	0.334907888521	73
291	0.33147766323	100
292	0.376065449011	90
293	0.398063662325	98
294	0.316833116225	94
295	0.346468926554	96
296	0.369264613451	86
297	0.353961556493	79
298	0.33851804825	74
299	0.337606837607	90
300	0.308199233716	87
301	0.371428571429	70
302	0.313372696082	83
303	0.342924917492	64
304	0.322292800968	87
305	0.317420284633	91
306	0.334042050555	83
307	0.326045245638	73
308	0.35687960688	74
309	0.329785160058	83
310	0.34982718894	56
311	0.354501607717	64
312	0.317878468563	73
313	0.323169005541	79
314	0.315372697538	74
315	0.335317460317	64
316	0.350464669124	79
317	0.334824102544	79
318	0.336253369272	84
319	0.429317808628	63
320	0.346446078431	51
321	0.366225674637	77
322	0.267912599823	56
323	0.319796029867	68
324	0.290079365079	70
325	0.389942594719	67
326	0.327907138873	88
327	0.367321974661	70
328	0.327250085881	71
329	0.369153838612	62
330	0.363793103448	58
331	0.321299093656	80
332	0.305639223561	72
333	0.287721683948	53
334	0.364048219351	76
335	0.35379440824	71
336	0.322646103896	66
337	0.373062973953	54
338	0.353526815065	63
339	0.349441080578	76
340	0.360319042871	59
341	0.324018170318	51
342	0.394736842105	80
343	0.300393841747	57
344	0.4323089701	56
345	0.320289855072	62
346	0.313370605515	61
347	0.273969935353	74
348	0.322748435909	79
349	0.406160458453	60
350	0.365969387755	56
351	0.316141074762	58
352	0.366998106061	60
353	0.362181303116	60
354	0.340718321227	70
355	0.327400768246	66
356	0.356196545363	67
357	0.263892653836	62
358	0.337789305666	56
359	0.305736098215	54
360	0.343785310734	59
361	0.336712441799	47
362	0.317247928177	64
363	0.398224670952	54
364	0.376504447933	63
365	0.329333963155	58
366	0.291703924491	55
367	0.341395933767	65
368	0.305997670807	56
369	0.319145544397	51
370	0.333189189189	50
371	0.345420332604	53
372	0.381665569454	49
373	0.360857908847	45
374	0.379815100154	59
375	0.290133333333	65
376	0.354359389454	46
377	0.315389816404	51
378	0.290013227513	56
379	0.336430729226	69
380	0.400904605263	64
381	0.294740935161	54
382	0.31480579569	43
383	0.326052346685	41
384	0.364188762626	33
385	0.380102915952	53
386	0.343140883296	42
387	0.345478036176	50
388	0.389052528228	42
389	0.310998099922	46
390	0.282820512821	50
391	0.379873688606	49
392	0.377072704082	48
393	0.362793327679	45
394	0.445431472081	54
395	0.319172584131	41
396	0.357050901169	51
397	0.407430730479	40
398	0.324761060203	51
399	0.319734521489	54
400	0.410535714286	42
401	0.398698376011	41
402	0.395352781547	44
403	0.318727961343	38
404	0.447004315816	39
405	0.331454643049	46
406	0.320197044335	36
407	0.329503951126	37
408	0.332734204793	45
409	0.267559457657	44
410	0.372032520325	45
411	0.304840568575	38
412	0.368548799182	38
413	0.317603420741	47
414	0.385172798216	52
415	0.321234939759	48
416	0.447756410256	45
417	0.347721822542	42
418	0.378421052632	50
419	0.306732299125	48
420	0.358126293996	46
421	0.381019218311	44
422	0.290695425089	49
423	0.419680851064	40
424	0.332827942498	42
425	0.312802768166	34
426	0.284754825248	36
427	0.370224155236	35
428	0.313743110472	39
429	0.337995337995	40
430	0.441317829457	30
431	0.272417087485	51
432	0.347725442834	46
433	0.316226156873	27
434	0.349539170507	50
435	0.206291591047	38
436	0.343131337518	38
437	0.322296910755	32
438	0.397507096137	37
439	0.329312487057	44
440	0.27789968652	29
441	0.31086853346	43
442	0.363704922528	33
443	0.281135117704	35
444	0.382592269689	31
445	0.30625	32
446	0.416908467423	34
447	0.404282518376	42
448	0.331590695489	38
449	0.34713504758	44
450	0.317660818713	38
451	0.358158340942	17
452	0.431637168142	30
453	0.278628587196	32
454	0.29227380549	26
455	0.395322626092	39
456	0.356162843005	39
457	0.36037303324	42
458	0.310629460006	41
459	0.461617326669	34
460	0.406422924901	44
461	0.216829356471	24
462	0.336940836941	39
463	0.298056155508	43
464	0.293887147335	44
465	0.335149342891	45
466	0.350110547535	33
467	0.313744151003	27
468	0.325473137973	28
469	0.320012183978	35
470	0.413539651838	33
471	0.261034752486	19
472	0.335677966102	25
473	0.232799758381	35
474	0.342204911825	39
475	0.304015594542	27
476	0.282112845138	35
477	0.385077186964	22
478	0.408964118169	33
479	0.276296772121	26
480	0.351630434783	23
481	0.411336676043	34
482	0.394394272232	51
483	0.3529373706	32
484	0.267561983471	24
485	0.305918289423	27
486	0.370318930041	40
487	0.41054072553	30
488	0.388035063752	36
489	0.344221522136	37
490	0.36368547419	34
491	0.336999321113	30
492	0.342024109896	29
493	0.248140635565	27
494	0.376349527665	24
495	0.430447330447	28
496	0.408336459115	43
497	0.375841254423	29
498	0.338833595251	23
499	0.372866946013	33
500	0.412344827586	29
501	0.356319618827	31
502	0.370413084504	38
503	0.464799438662	34
504	0.311507936508	21
505	0.31303630363	24
506	0.370355731225	25
507	0.210737179487	32
508	0.396653543307	26
509	0.247871643746	24
510	0.231111111111	30
511	0.333214730475	22
512	0.446875	25
513	0.320743989604	24
514	0.329516397999	35
515	0.379536967886	26
516	0.334390415786	22
517	0.292009187621	32
518	0.434483590734	32
519	0.25284355771	31
520	0.408608058608	21
521	0.41034447924	19
522	0.28050397878	26
523	0.336367112811	25
524	0.385828078327	23
525	0.312666666667	20
526	0.282691353943	23
527	0.368573235746	21
528	0.397186147186	28
529	0.409640831758	30
530	0.326037735849	20
531	0.310020131177	29
532	0.493637941006	26
533	0.278846153846	32
534	0.271233538722	31
535	0.286230529595	30
536	0.359583660644	19
537	0.291603182665	22
538	0.240954151177	30
539	0.414082516123	21
540	0.308703703704	30
541	0.367714109673	30
542	0.278384899234	26
543	0.347145488029	34
544	0.375919117647	20
545	0.256330275229	30
546	0.322954822955	24
547	0.273480347349	32
548	0.327791294945	27
549	0.290037831021	26
550	0.384166666667	24
551	0.319963702359	10
552	0.421014492754	20
553	0.326702833032	30
554	0.315252707581	20
555	0.345297297297	25
556	0.360287769784	25
557	0.353746924663	27
558	0.374103942652	20
559	0.34894243923	17
560	0.280906593407	26
561	0.379217006668	27
562	0.472367594725	17
563	0.323836589698	25
564	0.379063238771	24
565	0.392227779915	23
566	0.340596780526	18
567	0.29621961506	23
568	0.499679897567	22
569	0.323431033505	31
570	0.293211289092	23
571	0.273204903678	27
572	0.374125874126	22
573	0.370134304575	23
574	0.38850174216	17
575	0.307043478261	20
576	0.431423611111	16
577	0.380242634315	20
578	0.458971824024	21
579	0.301439263097	15
580	0.213793103448	16
581	0.318681318681	13
582	0.274445485786	22
583	0.307393698655	19
584	0.328586878154	19
585	0.387337765116	27
586	0.348488542175	14
587	0.337107926646	17
588	0.307142857143	20
589	0.513984451792	19
590	0.378220338983	20
591	0.30832045906	23
592	0.315540540541	35
593	0.326383565844	22
594	0.291065416065	28
595	0.316730328495	22
596	0.440113577697	26
597	0.315175879397	25
598	0.433624903525	26
599	0.464245965498	12
600	0.380555555556	27
601	0.262895174709	14
602	0.344237158191	26
603	0.401645618064	26
604	0.283112582781	15
605	0.305657978385	13
606	0.430543054305	11
607	0.298637112476	11
608	0.453753869969	17
609	0.393541324576	18
610	0.394836065574	20
611	0.341816693944	20
612	0.276960784314	28
613	0.247672968045	17
614	0.366653094463	16
615	0.259110473458	17
616	0.331385281385	15
617	0.355663605258	27
618	0.326105717368	15
619	0.439893566473	17
620	0.233333333333	12
621	0.423634336678	13
622	0.334688859467	17
623	0.245585874799	22
624	0.385543184885	19
625	0.254208	25
626	0.282915755843	19
627	0.324322169059	20
628	0.297416843595	18
629	0.276251040957	21
630	0.295238095238	15
631	0.359984152139	20
632	0.541831487342	16
633	0.370458135861	16
634	0.510610840264	11
635	0.229221347332	9
636	0.399545772187	18
637	0.267582417582	20
638	0.274137931034	20
639	0.303661971831	25
640	0.308020833333	15
641	0.330213208528	12
642	0.340948425061	18
643	0.33265940902	20
644	0.405996177735	13
645	0.370310077519	20
646	0.279709454632	13
647	0.523853683668	15
648	0.509355709877	16
649	0.344693193148	17
650	0.482019230769	16
651	0.468253968254	18
652	0.29124062713	18
653	0.340862685043	24
654	0.386000679579	18
655	0.417011995638	21
656	0.143006859756	16
657	0.33402518334	11
658	0.357649442756	15
659	0.278510563791	13
660	0.251993620415	19
661	0.437750289223	17
662	0.264931443179	13
663	0.304586993168	17
664	0.433734939759	15
665	0.367991407089	14
666	0.297726297726	14
667	0.495169082126	18
668	0.411477045908	15
669	0.240284005979	12
670	0.331119402985	20
671	0.337842485383	13
672	0.318039021164	18
673	0.374286384609	19
674	0.34940652819	18
675	0.399351851852	16
676	0.356627218935	25
677	0.339220345514	23
678	0.2954390742	13
679	0.358650676766	21
680	0.393802521008	14
681	0.314427312775	8
682	0.287298387097	16
683	0.342215714983	15
684	0.211323763955	11
685	0.300412567439	23
686	0.380354339538	13
687	0.362221475759	13
688	0.459378824969	19
689	0.368052591138	17
690	0.373623188406	15
691	0.313458755427	10
692	0.300640864539	23
693	0.300785634119	18
694	0.432756964457	15
695	0.332613908873	18
696	0.296198054819	13
697	0.245576279292	12
698	0.413436887347	19
699	0.434716261326	15
700	0.272967032967	13
701	0.394436519258	12
702	0.366729977841	18
703	0.345790766843	11
704	0.238478535354	9
705	0.382573454914	14
706	0.430999595306	7
707	0.383074021688	12
708	0.337032553134	21
709	0.328161730136	12
710	0.325070422535	10
711	0.244524814145	14
712	0.244241573034	10
713	0.158269500485	13
714	0.327077497666	15
715	0.356177156177	12
716	0.412011173184	21
717	0.285659946748	22
718	0.233519034355	15
719	0.412411417975	21
720	0.311979166667	16
721	0.432992371706	16
722	0.297506925208	15
723	0.32295988935	6
724	0.26091160221	10
725	0.292201591512	13
726	0.498163452709	9
727	0.31196698762	15
728	0.374236874237	9
729	0.318163479384	17
730	0.245547945205	16
731	0.441603967168	16
732	0.534494535519	8
733	0.145000974469	14
734	0.257073988682	13
735	0.436462585034	10
736	0.24513134058	12
737	0.327566711895	12
738	0.443951712244	11
739	0.336400541272	10
740	0.359121621622	8
741	0.45980335454	7
742	0.182133230651	14
743	0.392136127668	14
744	0.370554177006	13
745	0.379159307665	19
746	0.291108132261	12
747	0.529953145917	16
748	0.231891103549	11
749	0.309027421177	13
750	0.269333333333	12
751	0.297222750618	14
752	0.302707930368	11
753	0.355814835895	14
754	0.44176513142	11
755	0.240286975717	12
756	0.305555555556	10
757	0.305234478203	16
758	0.40446350044	12
759	0.189603545335	11
760	0.395526315789	10
761	0.283450568138	17
762	0.34208223972	12
763	0.286071726439	11
764	0.257148610552	13
765	0.329009552539	13
766	0.362010443864	10
767	0.209908735332	7
768	0.349392361111	9
769	0.424484488204	7
770	0.342207792208	8
771	0.494719288494	14
772	0.299920286967	13
773	0.45367076326	16
774	0.320413436693	17
775	0.30164874552	9
776	0.332796391753	8
777	0.375111375111	13
778	0.374035989717	11
779	0.194993581515	10
780	0.399321266968	17
781	0.408664105847	12
782	0.216858482523	12
783	0.434957124612	7
784	0.257189239332	11
785	0.36913277805	13
786	0.281806615776	8
787	0.231620983845	14
788	0.292150108774	14
789	0.372285593578	15
790	0.392827004219	15
791	0.47610619469	15
792	0.562049062049	7
793	0.383257347948	13
794	0.403180100756	8
795	0.275157232704	12
796	0.343174204355	18
797	0.479972975582	13
798	0.344611528822	13
799	0.342163815881	18
800	0.289134615385	13
801	0.225295303947	13
802	0.287050231564	14
803	0.329804898298	12
804	0.2614013267	6
805	0.227329192547	11
806	0.360463192721	15
807	0.325485336638	12
808	0.1399889989	9
809	0.278193848615	17
810	0.325555555556	10
811	0.396864541131	14
812	0.386631089217	18
813	0.223510806537	14
814	0.4460995086	8
815	0.151124744376	6
816	0.313550420168	14
817	0.346542227662	16
818	0.246434392828	12
819	0.46694575266	7
820	0.47418699187	12
821	0.33608170149	13
822	0.27704785077	15
823	0.39633270739	11
824	0.352603706973	11
825	0.398181818182	10
826	0.369249394673	6
827	0.395002015316	9
828	0.430416202155	13
829	0.465342859794	13
830	0.445611015491	14
831	0.372242278379	3
832	0.361298076923	10
833	0.362394957983	8
834	0.329136690647	8
835	0.391787852866	7
836	0.174812030075	7
837	0.146270694658	7
838	0.25265784335	11
839	0.236144219309	8
840	0.318898809524	8
841	0.611870788744	12
842	0.401607893294	13
843	0.440957618894	11
844	0.297887045814	12
845	0.410729783037	15
846	0.478132387707	8
847	0.421015348288	10
848	0.250589622642	12
849	0.35610522183	12
850	0.22568627451	12
851	0.375104918583	14
852	0.415660630449	14
853	0.369014338534	13
854	0.428069588491	7
855	0.316339869281	17
856	0.429322429907	6
857	0.400583430572	10
858	0.172070353889	11
859	0.431564942624	7
860	0.265961945032	11
861	0.293070073558	6
862	0.336344050381	14
863	0.367838290202	9
864	0.290702160494	12
865	0.231676300578	5
866	0.287351216912	13
867	0.495040369089	10
868	0.322757887274	13
869	0.323130034522	5
870	0.225944170772	7
871	0.230769230769	9
872	0.541107974594	13
873	0.433848797251	8
874	0.375214530892	16
875	0.465428571429	8
876	0.351773796979	13
877	0.383124287343	12
878	0.321867881549	10
879	0.588452787258	4
880	0.332575757576	12
881	0.345386735852	7
882	0.360810991063	17
883	0.284652124674	23
884	0.316742081448	6
885	0.554802259887	6
886	0.355530474041	9
887	0.240248027057	10
888	0.360872235872	11
889	0.275692811126	11
890	0.410561797753	5
891	0.637345679012	8
892	0.331371449925	12
893	0.304763545525	13
894	0.439932885906	10
895	0.334336055006	13
896	0.168898809524	9
897	0.255667038276	3
898	0.364761197723	9
899	0.376838462489	9
900	0.429166666667	8
901	0.275138734739	10
902	0.326575863161	7
903	0.191267204556	7
904	0.389564896755	12
905	0.535543278085	6
906	0.443550930306	7
907	0.364057331863	5
908	0.306305066079	8
909	0.210231023102	10
910	0.303540903541	9
911	0.395797396895	7
912	0.3828125	8
913	0.304177749961	7
914	0.378191101386	6
915	0.368488160291	6
916	0.53056768559	9
917	0.231624863686	10
918	0.328976034858	5
919	0.381501632209	10
920	0.271739130435	6
921	0.315418023887	8
922	0.354031091829	12
923	0.270043336945	8
924	0.289141414141	12
925	0.226846846847	6
926	0.354997054781	11
927	0.342826321467	10
928	0.387212643678	9
929	0.154922580111	13
930	0.224014336918	6
931	0.524973147154	4
932	0.206142703863	8
933	0.456993569132	8
934	0.574143468951	8
935	0.327807486631	4
936	0.361511752137	8
937	0.441242736867	9
938	0.391410295461	7
939	0.25	8
940	0.219245647969	11
941	0.370350690755	12
942	0.291932059448	5
943	0.23526738373	7
944	0.447033898305	6
945	0.360141093474	9
946	0.321485200846	8
947	0.414994720169	3
948	0.284341303329	9
949	0.359325605901	15
950	0.309473684211	9
951	0.24079915878	5
952	0.255672268908	5
953	0.358691850297	6
954	0.404926624738	10
955	0.403946838502	13
956	0.463970246397	9
957	0.423957442766	11
958	0.518267223382	6
959	0.290001158614	9
960	0.320949074074	9
961	0.406124572618	7
962	0.456211018711	8
963	0.269099540128	7
964	0.35106698281	7
965	0.172826712723	9
966	0.493640934635	7
967	0.205584281282	5
968	0.203989192626	13
969	0.510921912625	12
970	0.291580756014	12
971	0.218037369428	7
972	0.440157750343	6
973	0.140030832477	4
974	0.134496919918	6
975	0.268251748252	11
976	0.781762295082	2
977	0.376765609007	10
978	0.32047911189	7
979	0.360061287028	10
980	0.2146567718	11
981	0.232687733605	15
982	0.320646639511	8
983	0.469175991862	5
984	0.43524970964	7
985	0.33807106599	10
986	0.256465517241	8
987	0.275413711584	6
988	0.288967611336	6
989	0.403690596562	4
990	0.504601571268	9
991	0.331382441978	5
992	0.322004608295	7
993	0.350369251427	12
994	0.101609657948	1
995	0.478535534817	7
996	0.268072289157	4
997	0.376755265797	8
998	0.179158316633	5
999	0.427284427284	7
1000	0.380333333333	3
1001	0.260739260739	6
1002	0.283614589004	11
1003	0.310069790628	7
1004	0.21015936255	1
1005	0.255223880597	8
1006	0.620941020543	3
1007	0.16186693148	6
1008	0.218253968254	7
1009	0.428543111992	5
1010	0.32797029703	8
1011	0.274480712166	6
1012	0.289920948617	5
1013	0.105133267522	4
1014	0.560157790927	5
1015	0.41463757917	7
1016	0.207677165354	1
1017	0.170810507094	7
1018	0.435447656469	7
1019	0.516192345437	7
1020	0.391596638655	7
1021	0.190499510284	10
1022	0.347969667319	8
1023	0.246753246753	7
1024	0.354771205357	7
1025	0.321707317073	4
1026	0.162037037037	8
1027	0.205615060045	6
1028	0.147049286641	6
1029	0.260169373872	7
1030	0.262985436893	8
1031	0.103297769156	4
1032	0.452761627907	4
1033	0.323572120039	4
1034	0.280657640232	5
1035	0.535845410628	5
1036	0.296653796654	9
1037	0.461909353905	3
1038	0.386897880539	5
1039	0.307410972089	5
1040	0.0913461538462	1
1041	0.348703170029	6
1042	0.328334932821	8
1043	0.435967675661	7
1044	0.467858663261	9
1045	0.236363636364	6
1046	0.482154238368	3
1047	0.279847182426	2
1048	0.440124045802	4
1049	0.371782650143	7
1050	0.544285714286	4
1051	0.436251189343	8
1052	0.409125475285	5
1053	0.114909781576	1
1054	0.138045540797	2
1055	0.144786729858	8
1056	0.339583333333	5
1057	0.432986439609	9
1058	0.466761184625	6
1059	0.486307837583	3
1060	0.372169811321	4
1061	0.303722902922	4
1062	0.23747645951	10
1063	0.246472248354	4
1064	0.34884085213	6
1065	0.254835680751	5
1066	0.28330206379	2
1067	0.46025389793	11
1068	0.453183520599	7
1069	0.370306026995	7
1070	0.26199376947	6
1071	0.424629110904	9
1072	0.270289179104	4
1073	0.466449207829	6
1074	0.343575418994	6
1075	0.428172757475	7
1076	0.306691449814	1
1077	0.374071494893	8
1078	0.417233560091	9
1079	0.299042323139	6
1080	0.353240740741	4
1081	0.389608387296	6
1082	0.190696241528	3
1083	0.104801477378	2
1084	0.364186141861	9
1085	0.661751152074	4
1086	0.468834112481	13
1087	0.355220791168	8
1088	0.380777310924	7
1089	0.48507805326	4
1090	0.263455657492	6
1091	0.138175985335	4
1092	0.423191391941	8
1093	0.184050015249	6
1094	0.321755027422	5
1095	0.282597666159	9
1096	0.396076642336	10
1097	0.127013065937	3
1098	0.293488160291	8
1099	0.462420382166	5
1100	0.240227272727	4
1101	0.360884044808	6
1102	0.385095281307	8
1103	0.311650045331	4
1104	0.25634057971	7
1105	0.284841628959	4
1106	0.287070524412	6
1107	0.40121305975	7
1108	0.3059566787	7
1109	0.464923354373	5
1110	0.251351351351	1
1111	0.44104410441	9
1112	0.276528776978	4
1113	0.465408805031	5
1114	0.149910233393	4
1115	0.304163997438	7
1116	0.229540023895	6
1117	0.295678359241	11
1118	0.332737030411	5
1119	0.260589812332	5
1120	0.344642857143	3
1121	0.364852809991	2
1122	0.544414735591	6
1123	0.693499554764	5
1124	0.23952155002	9
1125	0.0154074074074	3
1126	0.270648312611	4
1127	0.114758947057	9
1128	0.38943768997	7
1129	0.260628875111	4
1130	0.406096361849	9
1131	0.225758915414	3
1132	0.374204946996	5
1133	0.321859370403	3
1134	0.541152263374	6
1135	0.0916299559471	3
1136	0.512323943662	3
1137	0.308832767936	7
1138	0.164616285882	6
1139	0.480904302019	4
1140	0.292495126706	9
1141	0.394683026585	6
1142	0.394483362522	8
1143	0.160979877515	5
1144	0.320804195804	2
1145	0.395109170306	5
1146	0.26934264107	6
1147	0.658413251962	5
1148	0.0783972125436	1
1149	0.268059181897	4
1150	0.125043478261	5
1151	0.326382855488	6
1152	0.232421875	4
1153	0.547267996531	1
1154	0.213344887348	5
1155	0.515151515152	6
1156	0.449456253089	7
1157	0.518042350908	8
1158	0.00172711571675	1
1159	0.498561978717	6
1160	0.0962643678161	3
1161	0.343238587425	6
1162	0.437284853701	8
1163	0.360131842935	6
1164	0.382670594011	7
1165	0.483948497854	5
1166	0.304288164666	5
1167	0.388603256213	6
1168	0.345890410959	7
1169	0.367122897063	6
1170	0.321367521368	4
1171	0.659834898947	6
1172	0.28093003413	4
1173	0.285957861405	7
1174	0.297084989589	9
1175	0.344042553191	4
1176	0.265093537415	4
1177	0.46686491079	4
1178	0.453650254669	5
1179	0.197837150127	4
1180	0.444491525424	6
1181	0.168924640135	4
1182	0.581218274112	1
1183	0.304592843054	3
1184	0.413217905405	4
1185	0.325105485232	4
1186	0.188167509837	6
1187	0.440044931199	6
1188	0.489162457912	8
1189	0.423645320197	7
1190	0.214565826331	3
1191	0.499580184719	5
1192	0.306208053691	1
1193	0.218357082984	4
1194	0.2202680067	7
1196	0.269648829431	6
1197	0.58813700919	2
1198	0.44010851419	4
1199	0.00667222685571	1
1200	0.154642857143	7
1201	0.808492922565	2
1202	0.252911813644	7
1203	0.387364921031	2
1204	0.123754152824	3
1205	0.0178423236515	2
1206	0.268656716418	4
1208	0.326986754967	3
1209	0.452715743038	3
1210	0.269657615112	7
1211	0.381227635563	3
1212	0.595159515952	3
1213	0.343569661995	4
1214	0.261285008237	5
1215	0.226131687243	8
1216	0.327713815789	2
1217	0.249630238291	5
1218	0.386371100164	5
1219	0.278301886792	4
1220	0.398907103825	3
1221	0.699262899263	5
1222	0.331540799626	7
1223	0.315617334424	5
1224	0.184803921569	5
1225	0.361469387755	5
1226	0.556790375204	8
1227	0.498064384678	8
1228	0.36848534202	2
1229	0.472335231896	6
1230	0.281910569106	4
1231	0.410641754671	4
1232	0.128594619666	7
1233	0.410178426602	4
1234	0.414303079417	4
1235	0.125910931174	2
1236	0.360841423948	2
1237	0.576394502829	4
1238	0.299474959612	4
1239	0.263115415658	2
1240	0.513548387097	5
1241	0.226430298147	4
1242	0.350011502185	7
1243	0.593858943416	6
1244	0.597266881029	4
1245	0.0	1
1246	0.431781701445	2
1247	0.348035284683	3
1248	0.360576923077	1
1249	0.142514011209	3
1250	0.282628571429	7
1251	0.298694377831	3
1252	0.205670926518	4
1253	0.335062516627	6
1254	0.740601503759	7
1255	0.268525896414	2
1256	0.606422505308	3
1257	0.427649606647	9
1258	0.319996467055	9
1259	0.317977230606	6
1260	0.507936507937	2
1261	0.206582077716	6
1262	0.268621236133	3
1263	0.297176035893	6
1264	0.186550632911	5
1265	0.520158102767	5
1266	0.138493944181	3
1267	0.282294133123	3
1268	0.314011566772	6
1269	0.432624113475	6
1270	0.61154855643	3
1271	0.320482559664	3
1272	0.481918238994	3
1273	0.399057344855	2
1274	0.649659863946	6
1275	0.253333333333	9
1276	0.293215405284	7
1277	0.429652832159	3
1278	0.066510172144	2
1279	0.374706802189	4
1280	0.193359375	2
1281	0.409836065574	5
1282	0.101404056162	1
1283	0.155105222136	4
1284	0.368380062305	4
1285	0.421011673152	2
1286	0.30832037325	8
1287	0.154752654753	6
1288	0.373059006211	2
1289	0.281613653995	2
1290	0.277002583979	3
1291	0.0933384972889	2
1292	0.569143446852	6
1293	0.0104408352668	2
1294	0.255216383308	8
1295	0.188108108108	5
1296	0.596965020576	3
1297	0.237933693138	5
1298	0.429121725732	2
1299	0.49255837824	6
1300	0.398974358974	6
1301	0.35844222393	3
1302	0.253609831029	5
1303	0.183422870299	6
1304	0.355521472393	5
1305	0.269923371648	4
1306	0.420495150587	6
1307	0.261132364193	10
1308	0.206574923547	5
1309	0.527119938885	8
1310	0.328396946565	5
1311	0.418001525553	1
1312	0.23424796748	3
1313	0.397372429551	4
1314	0.454528158295	4
1315	0.412927756654	2
1316	0.621327254306	3
1317	0.362376613516	4
1318	0.0938922610015	4
1319	0.263078089462	4
1320	0.514696969697	5
1321	0.4360333081	7
1322	0.313161875946	2
1323	0.394708994709	5
1324	0.478474320242	4
1325	0.184258760108	7
1326	0.261689291101	4
1327	0.402110022607	5
1328	0.624874497992	6
1329	0.0620767494357	2
1330	0.31954887218	3
1331	0.162498658366	7
1332	0.228228228228	4
1333	0.413353338335	1
1334	0.198864853288	7
1335	0.2865917603	5
1336	0.157435129741	3
1337	0.421839940165	3
1338	0.182735426009	4
1339	0.461165048544	2
1340	0.086460554371	7
1341	0.453765846383	2
1342	0.284649776453	3
1343	0.498324646314	4
1344	0.16691468254	3
1345	0.499628252788	1
1346	0.251362060426	3
1347	0.23719376392	2
1348	0.306379821958	3
1349	0.213367926859	6
1350	0.66	2
1351	0.387614113003	3
1352	0.596523668639	2
1353	0.210643015521	3
1354	0.606967011324	6
1355	0.443357933579	4
1356	0.352261553589	3
1357	0.179808400884	4
1358	0.0294550810015	2
1359	0.188741721854	2
1360	0.677205882353	2
1361	0.00367376928729	1
1362	0.429760156632	6
1363	0.636463683052	2
1364	0.0923753665689	1
1365	0.467399267399	2
1366	0.268814055637	5
1367	0.406939074093	7
1368	0.45038377193	8
1369	0.173849525201	3
1370	0.33503649635	3
1371	0.53124240214	3
1372	0.620991253644	2
1373	0.251565914057	5
1374	0.466763706938	3
1375	0.475818181818	4
1376	0.137112403101	3
1377	0.994916485113	1
1378	0.542089985486	3
1379	0.390862944162	1
1381	0.422519913106	2
1382	0.119030390738	2
1383	0.724945770065	5
1384	0.150289017341	2
1385	0.135379061372	2
1386	0.163059163059	2
1387	0.341023792358	1
1388	0.405799711816	8
1389	0.434269258459	5
1390	0.485791366906	4
1391	0.376467768991	6
1392	0.275383141762	3
1393	0.347930126825	3
1394	0.327295552367	4
1395	0.0863082437276	5
1396	0.22994269341	4
1397	0.381710808876	4
1398	0.288984263233	4
1399	0.317573777188	7
1400	0.418571428571	3
1401	0.553176302641	4
1402	0.363338088445	5
1403	0.42302209551	4
1404	0.825854700855	2
1405	0.343060498221	2
1406	0.68231389284	3
1407	0.582444918266	2
1408	0.223011363636	1
1409	0.518807665011	6
1410	0.828132387707	3
1411	0.354004252303	2
1412	0.387629839471	6
1413	0.436305732484	2
1414	0.470297029703	3
1415	0.336395759717	5
1416	0.260593220339	1
1417	0.489061397318	4
1419	0.359106010269	7
1420	0.149061032864	3
1421	0.461470795215	4
1422	0.284106891702	4
1423	0.392363551183	3
1424	0.0727996254682	3
1425	0.346666666667	3
1426	0.0666199158485	1
1427	0.377014716188	2
1428	0.666900093371	3
1429	0.201976906928	8
1430	0.314685314685	4
1431	0.170976007454	3
1432	0.0670391061453	2
1433	0.192777390091	4
1434	0.154463040446	2
1435	0.228106852497	3
1436	0.236470354158	7
1437	0.341684064022	1
1438	0.7719054242	1
1439	0.315265230484	3
1440	0.299045138889	8
1441	0.39740920657	3
1442	0.743411927878	3
1443	0.261954261954	4
1444	0.239265927978	4
1445	0.546366782007	2
1446	0.533656062702	3
1447	0.339046302695	5
1448	0.273250460405	3
1449	0.136991028295	2
1450	0.0896551724138	2
1451	0.59418791638	6
1452	0.902892561983	1
1453	0.50240880936	2
1454	0.300550206327	4
1455	0.30412371134	2
1456	0.203983516484	3
1457	0.176389842141	2
1458	0.145747599451	2
1459	0.275645419237	6
1460	0.356088280061	9
1462	0.231874145007	1
1463	0.155160628845	1
1464	0.208845628415	4
1465	0.429806598407	3
1466	0.529104138245	3
1467	0.386843899114	2
1468	0.777247956403	1
1469	0.637848876787	3
1470	0.139455782313	3
1471	0.0717199184228	2
1472	0.303328804348	2
1473	0.32948630912	6
1474	0.500339213026	6
1475	0.426610169492	4
1476	0.29810298103	3
1478	0.537381596752	4
1479	0.18954248366	3
1480	0.435472972973	4
1481	0.145847400405	4
1482	0.394062078273	3
1483	0.442009440324	2
1484	0.185309973046	1
1485	0.439955106622	3
1486	0.487886944818	2
1487	0.118022864829	2
1488	0.0806451612903	1
1489	0.583165435415	3
1490	0.932214765101	1
1491	0.0576794097921	2
1492	0.161528150134	1
1493	0.352310783657	3
1494	0.28067826863	3
1495	0.430367892977	5
1496	0.163770053476	2
1497	0.45704742819	5
1498	0.560302625723	3
1499	0.451967978652	4
1500	0.185333333333	1
1501	0.0409726848767	4
1502	0.216910785619	5
1503	0.46373918829	2
1504	0.165780141844	3
1505	0.575083056478	2
1507	0.172196416722	2
1508	0.270557029178	2
1509	0.720786392755	3
1510	0.192273730684	3
1511	0.326604897419	4
1512	0.595403439153	4
1513	0.268120731439	3
1514	0.43428005284	2
1515	0.0772277227723	1
1516	0.347342630984	7
1517	0.154779169413	5
1518	0.592665788318	3
1519	0.000658327847268	1
1520	0.332894736842	1
1522	0.207840560666	3
1523	0.60954256949	3
1524	0.501749781277	3
1525	0.779234972678	3
1526	0.857142857143	1
1527	0.430691988649	3
1528	0.278141361257	1
1529	0.143884892086	3
1530	0.0300653594771	1
1531	0.452482037884	4
1532	0.0939947780679	1
1533	0.151989562948	2
1534	0.533572359844	2
1535	0.382166123779	8
1536	0.00455729166667	1
1537	0.270440251572	6
1538	0.650953619419	6
1539	0.00259909031839	1
1540	0.61525974026	2
1541	0.536880813325	3
1542	0.310172317954	7
1543	0.448476992871	4
1544	0.363341968912	7
1545	0.27572815534	2
1546	0.259864165589	4
1547	0.458198664081	6
1548	0.0232558139535	2
1550	0.117204301075	3
1551	0.570921985816	2
1552	0.247261597938	4
1554	0.375160875161	2
1555	0.545723472669	5
1556	0.620501285347	2
1557	0.931920359666	1
1558	0.618741976893	2
1560	0.265384615385	2
1561	0.752722613709	1
1562	0.180751173709	3
1563	0.309980806142	6
1565	0.299041533546	3
1567	0.183790682833	2
1568	0.312021683673	4
1569	0.501593371574	2
1570	0.497770700637	2
1571	0.129853596435	1
1572	0.231234096692	2
1573	0.260330578512	4
1574	0.496823379924	1
1575	0.395661375661	6
1576	0.663282571912	3
1577	0.344641724794	2
1578	0.0931558935361	1
1579	0.340721975934	3
1580	0.288185654008	3
1581	0.308823529412	4
1582	0.409450063211	4
1583	0.164718888187	4
1584	0.107575757576	5
1585	0.380651945321	3
1586	0.428541403951	3
1587	0.35622768326	3
1588	0.0428211586902	3
1590	0.618396226415	4
1591	0.598114393463	5
1592	0.486809045226	2
1593	0.998744507219	1
1594	0.110100376412	2
1595	0.408777429467	1
1596	0.382362155388	4
1597	0.367251095805	4
1598	0.228827701293	3
1599	0.242026266417	1
1600	0.36625	2
1601	0.400062460962	4
1602	0.275905118602	1
1603	0.21605323352	3
1604	0.0495635910224	4
1605	0.29246105919	5
1606	0.0719178082192	2
1607	0.421281891724	1
1608	0.4092039801	2
1609	0.189869484152	2
1611	0.230136561142	4
1612	0.184398263027	4
1613	0.582765034098	1
1614	0.567379182156	4
1615	0.578121775026	3
1616	0.258508663366	4
1617	0.447124304267	2
1618	0.348784507623	3
1619	0.980543545398	2
1620	0.118930041152	3
1621	0.146206045651	1
1622	0.684340320592	1
1623	0.205021565003	4
1624	0.00277093596059	2
1625	0.224615384615	2
1626	0.407749077491	4
1627	0.612630608482	4
1628	0.532678132678	5
1629	0.46270718232	4
1630	0.544478527607	2
1631	0.18025751073	2
1632	0.491651348039	8
1633	0.286589099816	1
1634	0.30523255814	4
1635	0.517838939857	3
1636	0.309413202934	5
1637	0.317130639672	7
1638	0.324786324786	2
1639	0.311622940818	4
1640	0.780487804878	1
1641	0.173065204144	2
1642	0.707673568819	5
1643	0.65307364577	2
1644	0.442366180049	4
1645	0.302532928065	3
1646	0.55042527339	1
1647	0.254250151791	4
1648	0.200444983819	3
1649	0.228016979988	2
1650	0.375757575758	1
1651	0.375681405209	4
1652	0.253177966102	4
1653	0.462492437992	2
1654	0.0187424425635	1
1656	0.475241545894	4
1657	0.28605914303	3
1658	0.447527141134	3
1659	0.0985533453888	2
1660	0.495582329317	3
1662	0.403128760529	3
1663	0.883944678292	1
1664	0.223758012821	3
1665	0.242162162162	5
1666	0.355042016807	2
1667	0.337532493501	3
1668	0.353517186251	6
1669	0.222588376273	2
1672	0.364035087719	6
1673	0.147340107591	2
1674	0.745519713262	1
1676	0.137629276054	3
1677	0.0161001788909	2
1678	0.283969010727	4
1679	0.612269207862	3
1680	0.203333333333	5
1681	0.00059488399762	1
1682	0.276456599287	1
1683	0.332144979204	1
1684	0.148604513064	4
1685	0.448071216617	2
1686	0.36862396204	2
1687	0.299940723177	3
1688	0.324644549763	3
1689	0.264653641208	4
1690	0.369970414201	4
1691	0.163808397398	1
1692	0.572695035461	1
1693	0.481984642646	2
1694	0.280548996458	4
1695	0.00383480825959	2
1696	0.168435534591	3
1697	0.358475741505	3
1698	0.354240282686	2
1699	0.21777516186	3
1700	0.395735294118	4
1701	0.260582010582	4
1702	0.893066980024	2
1703	0.498532002349	5
1704	0.551936619718	4
1705	0.00606060606061	3
1706	0.197147323173	3
1707	0.753368482718	1
1708	0.627049180328	1
1709	0.403627852545	5
1710	0.221442495127	3
1711	0.14991233197	4
1712	0.28738317757	1
1713	0.107413893754	1
1714	0.279852197588	6
1715	0.425539358601	5
1716	0.205594405594	5
1717	0.346534653465	5
1718	0.167287543655	5
1719	0.232693426411	1
1720	0.466627906977	5
1721	0.698431144683	1
1722	0.317653890825	5
1723	0.174405107371	2
1724	0.243232791957	3
1725	0.318550724638	2
1726	0.552867902665	8
1727	0.788940359004	2
1728	0.704861111111	2
1730	0.133526011561	5
1731	0.150491045638	4
1732	0.734988452656	2
1733	0.323831506059	5
1734	0.362640243263	11
1735	0.385821325648	5
1736	0.200460829493	2
1737	0.49664171944	3
1738	0.415563866513	4
1739	0.00345025876941	2
1740	0.270114942529	2
1741	0.326249282022	4
1742	0.342645745631	9
1743	0.323771275579	3
1744	0.258486238532	5
1745	0.496131805158	8
1746	0.371134020619	3
1748	0.0975400457666	2
1749	0.863636363636	2
1750	0.310285714286	4
1751	0.261646406135	7
1752	0.339611872146	2
1753	0.229321163719	5
1754	0.437286202965	4
1755	0.265147198481	3
1756	0.162870159453	4
1757	0.155568203377	3
1758	0.267918088737	2
1759	0.282120523024	4
1760	0.357954545455	4
1761	0.278534923339	2
1762	0.277714718123	3
1763	0.255530346001	4
1764	0.443027210884	4
1765	0.389612842304	3
1766	0.382361268403	4
1767	0.588002263724	3
1768	0.102375565611	1
1769	0.414075749011	4
1770	0.0981638418079	4
1771	0.300395256917	5
1772	0.473363431151	5
1773	0.428410281202	7
1774	0.00676437429538	1
1775	0.38014084507	4
1777	0.286212718064	5
1778	0.415213723285	4
1779	0.462619449129	3
1780	0.327715355805	6
1781	0.390043046977	3
1782	0.355920314254	4
1783	0.478594129744	3
1784	0.405108904548	7
1785	0.427731092437	2
1786	0.0	1
1787	0.479434806939	4
1788	0.483501118568	2
1789	0.410844046954	4
1790	0.355586592179	2
1791	0.498418016006	3
1792	0.478236607143	4
1793	0.245817066369	4
1794	0.284838350056	1
1795	0.658495821727	3
1796	0.56273199703	3
1797	0.29938786867	6
1798	0.504449388209	5
1799	0.174726700019	3
1800	0.384583333333	4
1801	0.575606144734	3
1802	0.270810210877	5
1803	0.0564337215752	4
1804	0.600055432373	2
1805	0.301200369344	3
1806	0.218853820598	4
1807	0.365088149261	7
1808	0.059918879056	3
1809	0.316473189608	2
1810	0.61270718232	1
1811	0.629302411191	3
1813	0.161426732855	3
1814	0.425106315955	7
1815	0.129201101928	6
1816	0.462555066079	1
1817	0.349293707577	3
1818	0.240007334067	3
1819	0.491959868059	8
1820	0.282692307692	4
1821	0.457715540912	2
1822	0.495472008782	4
1823	0.616566099835	2
1824	0.304002192982	2
1825	0.610410958904	2
1826	0.451077035414	6
1827	0.570470717022	4
1828	0.36898249453	4
1829	0.108529250957	2
1830	0.346174863388	2
1831	0.337884580375	3
1832	0.218340611354	1
1833	0.310556464812	4
1834	0.346782988004	4
1835	0.188737511353	3
1836	0.700980392157	1
1837	0.160315732172	2
1838	0.499238302503	5
1839	0.0193039695487	2
1840	0.221428571429	7
1841	0.206771682057	6
1842	0.298859934853	2
1843	0.24724181588	3
1844	0.397324656544	6
1845	0.13044263776	3
1846	0.117957746479	4
1847	0.200866269626	5
1848	0.29558982684	4
1849	0.283756985758	3
1850	0.00513513513514	4
1851	0.212587790384	4
1852	0.468277537797	4
1853	0.216135995683	6
1855	0.214016172507	6
1856	0.209186422414	4
1857	0.399030694669	2
1858	0.275296017223	4
1859	0.357450242066	4
1860	0.179677419355	5
1861	0.00806018269747	2
1862	0.109022556391	3
1863	0.283145464305	6
1864	0.074436695279	4
1865	0.215549597855	4
1866	0.419375967607	9
1867	0.314408141403	3
1868	0.415082976445	8
1869	0.310479247879	7
1870	0.0541634835752	7
1871	0.146712987707	4
1872	0.0399305555556	4
1873	0.387689726184	7
1874	0.339381003202	3
1876	0.294189765458	10
1877	0.190197123069	4
1878	0.137380191693	4
1879	0.384912187334	4
1880	0.122473404255	8
1881	0.171953452655	9
1882	0.207226354942	3
1883	0.489113117366	4
1884	0.0732484076433	3
1885	0.215005683971	7
1886	0.209437963945	3
1887	0.251633986928	6
1888	0.0746822033898	2
1889	0.00741132874537	1
1890	0.316402116402	8
1891	0.273598625066	8
1892	0.297480620155	6
1893	0.221341785526	6
1894	0.135374868004	5
1895	0.273526824978	3
1896	0.00527426160338	2
1897	0.26377174486	8
1898	0.358497666717	7
1899	0.178120063191	4
1900	0.172067669173	14
1901	0.0420831141504	1
1902	0.235594111462	10
1903	0.115344193379	4
1904	0.11974789916	2
1905	0.160433070866	8
1906	0.181357117873	3
1907	0.25406397483	8
1908	0.224168912848	7
1909	0.0890518596124	3
1910	0.118399401645	7
1911	0.108610965754	9
1912	0.104210251046	8
1913	0.37856769472	5
1914	0.479325272429	7
1915	0.00626631853786	5
1916	0.349425887265	4
1917	0.0142801251956	8
1918	0.261274765381	8
1919	0.142886920271	5
1920	0.0850260416667	4
1921	0.175429463821	2
1922	0.304500520291	4
1923	0.299011960478	7
1924	0.13365013365	7
1925	0.314372294372	6
1926	0.12544132918	5
1927	0.314619993395	11
1928	0.353820885201	6
1929	0.206991039028	7
1930	0.146804835924	9
1931	0.35706887623	4
1932	0.337474120083	9
1933	0.175892395241	3
1934	0.0523526370217	4
1935	0.6165374677	2
1936	0.097430268595	8
1937	0.197521941146	10
1938	0.347265221878	5
1939	0.251848031631	6
1940	0.426288659794	6
1941	0.253305856088	3
1942	0.0954685890834	5
1943	0.339372104992	15
1944	0.217821216278	9
1945	0.413453299057	6
1946	0.269741349777	12
1947	0.386646122239	10
1948	0.313198722336	9
1949	0.403967846759	9
1950	0.182692307692	4
1951	0.171194259354	5
1952	0.126109972678	6
1953	0.187497090723	11
1954	0.297287615148	10
1955	0.22227905655	9
1956	0.430299931834	3
1957	0.188962698007	5
1958	0.27545114062	9
1959	0.245454902423	13
1960	0.237074829932	6
1961	0.118476967534	3
1962	0.136340468909	6
1963	0.490349238694	9
1964	0.203793279022	8
1965	0.30941475827	9
1966	0.373143438454	5
1967	0.233132398867	7
1968	0.394308943089	12
1969	0.445810055866	5
1970	0.167614213198	5
1971	0.144669130971	7
1972	0.210382860041	8
1973	0.286619361379	6
1974	0.394941937495	13
1975	0.350886075949	4
1976	0.10482034413	8
1977	0.271567470354	9
1978	0.215088192338	9
1979	0.304410596983	14
1980	0.28952020202	8
1981	0.199949520444	10
1982	0.353514968046	9
1983	0.358295511851	8
1984	0.270161290323	11
1985	0.319434218175	13
1986	0.141805135952	8
1987	0.301028111295	14
1988	0.31800804829	15
1989	0.220378749791	12
1990	0.265201005025	12
1991	0.362673698309	12
1992	0.493975903614	8
1993	0.266275715003	16
1994	0.298069207623	20
1995	0.242857142857	12
1996	0.352616998703	17
1997	0.259937525336	21
1998	0.329425579426	26
1999	0.299718040839	44
2000	0.198755319149	47
2001	0.214311763037	74
2002	0.201731601732	45
2003	0.274112640563	21
2004	0.229469632164	7
2005	0.295635910224	4
2006	0.386673313393	6
2007	0.406776283009	5
2008	0.487798804781	2
2011	0.764793635007	1
2013	0.501241927471	1
2014	0.648957298908	1
2015	0.700248138958	1
2016	0.666170634921	1
2017	0.332176499752	2
2018	0.395441030723	3
2019	0.635628198778	3
2020	0.29801980198	3
2021	0.147946561108	1
2023	0.743450321305	1
2026	0.361796643633	2
2027	0.759250123335	1
2029	0.775258748152	1
2031	0.643032988676	2
2032	0.404035433071	1
2033	0.550418101328	2
2034	0.139380530973	2
2035	0.950368550369	1
2037	0.330551464572	3
2038	0.425417075564	1
2040	0.994607843137	1
2043	0.751101321586	2
2044	0.878180039139	1
2047	0.768930141671	1
2048	0.83251953125	1
2050	0.358048780488	3
2051	0.769137006338	2
2053	0.90209449586	2
2054	0.279454722493	2
2055	0.273479318735	2
2057	0.1618862421	1
2059	0.728994657601	1
2061	0.696749150898	1
2062	0.712657613967	2
2063	0.202132816287	2
2064	0.583333333333	2
2067	0.917755200774	1
2072	0.896718146718	1
2073	0.637481910275	2
2074	0.897058823529	2
2075	0.0867469879518	1
2076	0.218689788054	1
2084	0.0993282149712	1
2085	0.891606714628	2
2086	0.978906999041	1
2088	0.800287356322	1
2090	0.958851674641	1
2092	0.761950286807	1
2095	0.865871121718	2
2101	0.875773441218	2
2105	0.701662707838	2
2106	0.423076923077	1
2108	0.955407969639	1
2112	0.0516098484848	1
2117	0.684459140293	1
2123	0.678285445125	1
2124	0.956214689266	1
2129	0.815406294035	1
2131	0.976067573909	1
2136	0.814138576779	2
2138	0.965855940131	1
2139	0.911640953717	1
2145	0.957575757576	1
2157	0.891515994437	1
2160	0.957407407407	1
2163	0.967406380028	2
2165	0.984757505774	1
2172	0.947974217311	1
2173	0.994017487345	1
2174	0.917663293468	1
2175	0.929195402299	1
2177	0.809830041341	2
2180	0.550688073394	2
2181	0.743695552499	1
2182	0.839596700275	1
2185	0.810526315789	1
2191	0.968051118211	1
2192	0.913321167883	1
2193	0.901960784314	1
2195	0.815034168565	1
2196	0.907559198543	1
2199	0.710322874034	2
2202	0.934604904632	1
2204	0.938294010889	1
2209	0.947940244455	1
2210	0.881900452489	1
2215	0.73453724605	1
2217	0.786197564276	1
2219	0.662460567823	1
2220	0.774324324324	1
2222	0.461296129613	2
2230	0.838116591928	1
2233	0.769368562472	1
2234	0.929051029543	2
2235	0.830425055928	1
2236	0.279964221825	1
2252	0.875222024867	2
2254	0.692842354333	3
2257	0.918032786885	2
2260	0.767256637168	1
2261	0.989385227775	1
2264	0.956713780919	1
2267	0.808998676665	1
2270	0.859030837004	1
2273	0.984601847778	1
2278	0.818407960199	3
2281	0.838667251206	1
2283	0.646517739816	1
2284	0.888353765324	1
2285	0.953756382203	3
2287	0.957149103629	1
2290	0.805021834061	2
2291	0.881274552597	1
2294	0.770706190061	1
2296	0.622531939605	3
2297	0.878537222464	1
2301	0.69035202086	2
2302	0.951346655083	1
2304	0.633680555556	1
2308	0.618717504333	2
2309	0.809874404504	1
2311	0.954132410212	1
2314	0.827571305099	1
2316	0.894645941278	1
2322	0.849698535745	1
2325	0.950107526882	1
2326	0.977644024076	1
2327	0.803394929093	2
2333	0.86969567081	1
2343	0.880068288519	1
2349	0.982545764155	1
2354	0.867034834325	1
2357	0.897327110734	1
2369	0.89235964542	1
2375	0.881684210526	2
2377	0.952461085402	1
2380	0.816806722689	1
2384	0.847734899329	1
2387	0.969836614998	1
2394	0.957811194653	1
2397	0.807259073842	1
2402	0.885095753539	1
2406	0.948462177889	1
2411	0.973869763584	1
2413	0.242851222545	1
2416	0.884105960265	1
2418	0.94582299421	1
2423	0.482872472142	1
2425	0.300618556701	1
2426	0.976916735367	1
2430	0.149382716049	1
2432	0.771175986842	2
2434	0.576828266228	1
2440	0.760450819672	2
2441	0.723269151987	2
2445	0.908384458078	1
2446	0.982829108749	1
2447	0.998774008991	1
2450	0.750612244898	1
2452	0.905383360522	1
2453	0.957602935181	1
2458	0.304719283971	1
2461	0.956115400244	1
2462	0.287977254265	1
2470	0.538461538462	1
2472	0.890776699029	1
2477	0.262010496568	1
2479	0.670835014119	1
2482	0.646655922643	1
2484	0.368760064412	1
2486	0.873692679002	1
2487	0.788299155609	2
2489	0.979509843311	1
2491	0.962264150943	1
2499	0.192076830732	1
2502	0.976019184652	2
2504	0.969249201278	1
2519	0.694720127035	1
2521	0.993653312178	1
2525	0.889900990099	1
2528	0.778085443038	1
2529	0.97904310004	1
2531	0.90833662584	1
2532	0.939968404423	1
2533	0.920647453612	2
2537	0.854355538037	2
2538	0.865642237983	1
2547	0.921476246565	1
2549	0.959591996862	2
2551	0.78400627205	1
2555	0.448532289628	1
2557	0.749315604224	1
2561	0.668879344006	1
2568	0.781542056075	1
2575	0.898640776699	1
2582	0.942292796282	1
2585	0.964023210832	1
2586	0.771461716937	2
2588	0.797913446677	1
2591	0.91045928213	1
2598	0.869899923018	1
2604	0.747695852535	1
2606	0.84497313891	1
2614	0.964422341239	1
2625	0.952	1
2632	0.852583586626	1
2641	0.688375615297	1
2644	0.943267776097	1
2652	0.310331825038	1
2657	0.943545351901	1
2658	0.922498118886	1
2661	0.668921458098	1
2665	0.791932457786	2
2688	0.728422619048	1
2690	0.745353159851	1
2691	0.979933110368	1
2693	0.421463052358	1
2710	0.842250922509	2
2712	0.991887905605	1
2714	0.232498157701	1
2718	0.829654157469	1
2721	0.743476662992	1
2722	0.32072005878	1
2724	0.971182085169	2
2733	0.916575192097	1
2738	0.961285609934	1
2754	0.966957153232	1
2768	0.948699421965	1
2772	0.953463203463	1
2790	0.988172043011	1
2791	0.865997850233	1
2803	0.534784159829	1
2810	0.502135231317	1
2814	0.478322672353	1
2837	0.744095875925	1
2839	0.890454385347	1
2841	0.935586061246	1
2844	0.976793248945	1
2855	0.869352014011	2
2856	0.852240896359	1
2861	0.957008039147	1
2870	0.520557491289	1
2877	0.854362182829	1
2883	0.869927159209	1
2884	0.990291262136	1
2917	0.674322934522	1
2922	0.349075975359	1
2923	0.770441327403	1
2930	0.946416382253	1
2943	0.921848453959	1
2950	0.885423728814	1
2959	0.453531598513	1
2961	0.864066193853	2
2974	0.78984532616	1
2975	0.878991596639	1
2978	0.649093351242	1
2987	0.422832273184	1
2991	0.501838849883	1
2994	0.930861723447	1
3000	0.993666666667	1
3003	0.86297036297	2
3008	0.891954787234	1
3021	0.972525653757	1
3024	0.172619047619	1
3030	0.982838283828	1
3033	0.603692713485	2
3038	0.871790651745	2
3044	0.813731931669	1
3046	0.900196979645	1
3047	0.95241220873	1
3051	0.806620780072	1
3061	0.731296961777	2
3063	0.714985308521	1
3069	0.775008145976	2
3072	0.705403645833	1
3080	0.473701298701	1
3087	0.870100421121	1
3089	0.739721592748	1
3098	0.861523563589	1
3099	0.908680219426	1
3108	0.680823680824	1
3111	0.76406300225	1
3116	0.962130937099	1
3139	0.266804714877	2
3143	0.338848234171	1
3152	0.776967005076	1
3156	0.453738910013	1
3161	0.485922176526	1
3172	0.790983606557	1
3175	0.852913385827	1
3176	0.89798488665	2
3177	0.93452943028	1
3207	0.852198316183	2
3208	0.512624688279	2
3216	0.828358208955	1
3217	0.769350326391	1
3247	0.986449029874	1
3262	0.778050275904	1
3264	0.778492647059	1
3266	0.844151867728	1
3268	0.0960832313341	1
3273	0.795905896731	1
3277	0.928593225511	1
3282	0.944546008531	1
3285	0.918721461187	1
3287	0.85914207484	1
3299	0.621097302213	1
3310	0.792447129909	1
3317	0.815495930057	1
3333	0.760276027603	1
3336	0.970923261391	1
3342	0.940155595452	1
3351	0.911071321993	1
3356	0.710071513707	1
3379	0.889316365789	1
3388	0.81227863046	2
3390	0.959292035398	1
3393	0.817860300619	1
3423	0.807770961145	1
3431	0.967647916059	1
3439	0.790927595231	1
3448	0.325696055684	1
3452	0.977114716107	1
3455	0.872937771346	1
3462	0.974581166956	1
3477	0.956284153005	1
3482	0.908098793797	1
3498	0.896226415094	1
3510	0.976923076923	1
3543	0.882020886255	1
3548	0.942502818489	1
3550	0.999436619718	1
3559	0.887327901096	1
3568	0.430213004484	1
3570	0.905602240896	1
3574	0.79658645775	1
3589	0.983839509613	1
3590	0.984122562674	1
3609	0.761429758936	1
3610	0.885595567867	1
3612	0.749584717608	2
3624	0.80353200883	1
3633	0.626204238921	1
3644	0.325740944018	1
3653	0.782644401861	1
3665	0.998908594816	1
3666	0.76022913257	1
3668	0.748636859324	1
3683	0.530545750747	1
3707	0.535743188562	1
3715	0.463795423957	1
3757	0.959542187916	1
3778	0.978295394389	1
3809	0.794696770806	1
3811	0.988192075571	1
3814	0.94100681699	1
3860	0.39067357513	1
3892	0.643114080164	1
3917	0.934388562676	1
3921	0.369548584545	1
3946	0.668905220476	2
3950	0.995949367089	1
3961	0.947992931078	1
3975	0.805534591195	1
3980	0.991708542714	1
3984	0.653112449799	1
3985	0.830112923463	2
3988	0.886910732197	1
3991	0.819594086695	1
4004	0.788711288711	1
4010	0.790274314214	1
4021	0.541904998757	1
4037	0.841714144166	1
4051	0.928165884967	1
4052	0.93163869694	1
4067	0.958446029014	1
4089	0.656639765224	1
4103	0.953204971972	1
4108	0.611246348588	1
4114	0.83422459893	1
4124	0.973811833172	1
4246	0.782854451248	1
4248	0.991760828625	1
4258	0.875528417097	1
4263	0.685901946986	1
4277	0.994154781389	1
4278	0.945769050958	1
4283	0.812281111371	1
4304	0.862918215613	1
4319	0.932160222274	1
4320	0.90462962963	1
4340	0.814746543779	1
4341	0.961299239806	1
4343	0.794151508174	1
4347	0.900161030596	1
4350	0.836781609195	1
4361	0.948406328824	1
4379	0.123544188171	1
4387	0.795304308183	1
4394	0.705962676377	1
4427	0.767788570138	1
4429	0.983066154888	1
4452	0.894429469901	1
4502	0.365615282097	1
4525	0.612154696133	1
4538	0.980828558836	1
4540	0.916299559471	1
4541	0.941202378331	1
4598	0.82318399304	1
4616	0.916377816291	1
4617	0.999133636561	1
4621	0.841809132222	2
4633	0.902007338657	1
4716	0.956318914334	1
4741	0.512761020882	1
4832	0.772350993377	1
4842	0.334779016935	1
4843	0.797439603552	1
4861	0.934787080848	1
4867	0.241421820423	1
4880	0.979508196721	1
4889	0.634690120679	1
4892	0.944194603434	1
4940	0.137854251012	1
4983	0.987357013847	1
5002	0.80787684926	1
5047	0.735090152566	1
5059	0.849772682348	1
5072	0.693217665615	1
5079	0.831462886395	1
5106	0.849980415198	1
5114	0.994329292139	1
5121	0.949423940637	1
5150	0.256116504854	1
5152	0.618788819876	1
5177	0.993432489859	1
5189	0.766718057429	2
5239	0.947318190494	2
5270	0.998481973435	1
5308	0.707799547852	2
5379	0.931399888455	1
5384	0.980312035661	1
5393	0.984609679214	1
5469	0.965258731029	1
5521	0.975547907988	1
5552	0.75810518732	1
5582	0.617878896453	1
5590	0.385509838998	1
5625	0.910933333333	1
5666	0.966113660431	1
5749	0.862932683945	1
5755	0.954821894005	1
5785	0.951426101988	1
5878	0.892480435522	1
5899	0.685200881505	1
5970	0.985259631491	1
6040	0.820860927152	1
6042	0.855676928169	1
6043	0.814661591925	1
6089	0.891772047955	1
6106	0.831477235506	1
6211	0.955079697311	1
6253	0.952502798657	1
6291	0.644730567477	1
6439	0.784904488275	1
6463	0.940739594616	1
6473	0.98856789742	1
6502	0.438711165795	2
6607	0.477826547601	1
6614	0.764590263078	1
6771	0.918623541574	1
6777	0.990408735429	1
6782	0.920524918903	1
6855	0.634865061999	1
6872	0.907450523865	1
6878	0.962343704565	1
6924	0.998266897747	1
6943	0.996399251044	1
6945	0.682361411087	1
6948	0.986902705815	1
6985	0.889477451682	1
6991	0.956658561007	1
7164	0.745254048018	1
7322	0.918533187654	2
7330	0.831241473397	1
7336	0.983369683751	1
7337	0.997682976693	1
7420	0.941644204852	1
7457	0.551159983908	1
7464	0.994372990354	1
7534	0.59092115742	1
7619	0.899068119176	1
7630	0.986369593709	1
7669	0.975094536445	1
7718	0.121922777922	1
7722	0.837347837348	1
7841	0.998469582961	1
7934	0.527854802117	1
8042	0.125963690624	1
8057	0.740101774854	1
8201	0.854895744421	1
8219	0.998418299063	1
8259	0.911006175082	1
8347	0.974481849766	1
8393	0.986417252472	1
8550	0.986081871345	1
8638	0.890368140773	1
8641	0.994560814721	1
8816	0.477427404719	1
8869	0.625324162814	1
8936	0.998992837959	1
8945	0.996981553941	1
8991	0.951729507285	1
9016	0.762200532387	1
9044	0.814462627156	1
9131	0.911838790932	1
9138	0.934449551324	1
9281	0.854972524512	1
9342	0.984371654892	1
9485	0.282235108065	1
9909	0.992532041578	1
10044	0.909199522103	1
10139	0.912910543446	1
10162	0.750147608738	1
10184	0.943637077769	1
10275	0.121070559611	1
10292	0.911484648271	1
10419	0.975813417794	1
10624	0.785862198795	1
10696	0.942875841436	1
10812	0.697280799112	1
10823	0.365702670239	1
10834	0.485693188112	1
10991	0.981257392412	1
11226	0.948245145199	1
11330	0.992144748455	1
11351	0.995595101753	1
11376	0.901986638537	1
11729	0.128996504391	1
11812	0.971385032171	1
11909	0.520614661181	1
12254	0.938795495348	1
12574	0.231429934786	1
12595	0.760698689956	2
12629	0.994140470346	1
13059	0.791791101922	1
13125	0.683428571429	1
13356	0.928421683139	1
13559	0.964451655727	1
13609	0.767580277757	1
13698	0.636151262958	1
14263	0.886769964243	1
14515	0.971822252842	1
15098	0.271625380845	1
15360	0.580598958333	1
15716	0.757826418936	1
16042	0.922453559407	1
16044	0.833582647719	1
16369	0.921070315841	1
17213	0.646604310695	1
17227	0.92987751785	1
17319	0.990126450719	1
17359	0.840140561092	1
17780	0.811529808774	1
17805	0.995450716091	1
17966	0.970666815095	1
18228	0.757845073513	1
18576	0.957633505599	1
18817	0.927990646756	1
19032	0.302070197562	1
19664	0.977725793328	1
20108	0.999154565347	1
20915	0.934305522352	1
21996	0.931396617567	1
23013	0.828010255073	1
23291	0.813189644069	1
24548	0.940117321167	1
24804	0.867118206741	1
25229	0.660271909311	1
25538	0.934333150599	1
27424	0.895930571762	1
29534	0.920498408614	1
30551	0.972897777487	1
31212	0.811578879918	1
32052	0.984462748034	1
34632	0.855422730423	1
34751	0.898535293948	1
36834	0.97157517511	1
39521	0.720249993674	1
41321	0.999951598461	1
43718	0.937737316437	1
47284	0.780306234667	1
49552	0.994066838876	1
56879	0.467378118462	1
98437	0.714660137956	1
100318	0.889969895732	1
102661	0.917242185445	1
109808	0.955831997669	1
172695	0.957387301312	1
177448	0.943482034173	1
